byte offset: 0
first index: 0
index count: 6018
topology: trianglelist
format: DXGI_FORMAT_R16_UINT

0 1 2
1 0 3
4 1 3
5 1 4
1 5 6
3 0 7
0 8 7
8 0 2
3 9 4
9 10 4
4 10 11
5 4 11
10 12 11
12 10 13
14 12 13
15 12 14
16 15 14
7 17 3
17 9 3
12 18 11
12 15 18
19 11 18
19 5 11
20 5 19
5 20 21
13 10 22
10 9 22
23 7 8
24 23 8
24 8 25
26 24 25
26 25 27
28 27 25
2 28 25
25 8 2
29 28 2
28 29 30
27 28 30
29 31 30
32 30 31
32 33 30
34 33 32
35 34 32
35 32 36
36 32 31
37 35 36
35 37 38
37 39 38
39 37 40
41 39 40
40 37 42
37 36 42
40 42 43
42 44 43
42 45 44
42 36 45
36 31 45
45 46 44
46 45 47
48 46 47
38 39 49
39 50 49
39 41 50
41 51 50
41 52 51
52 53 51
51 53 54
53 55 54
56 52 41
43 56 40
47 45 31
50 51 57
51 54 57
49 50 58
50 57 58
49 58 59
60 49 59
59 61 60
61 62 60
60 62 63
62 64 63
34 63 64
65 34 64
34 65 33
65 66 33
33 66 67
33 67 30
66 68 67
27 67 68
67 27 30
69 27 68
69 26 27
60 63 38
49 60 38
34 35 63
35 38 63
6 70 71
70 29 71
70 6 72
71 29 2
72 6 21
6 5 21
1 6 71
1 71 2
73 70 72
70 73 48
47 70 48
29 70 47
29 47 31
72 21 74
72 74 75
75 74 76
76 74 77
76 77 78
79 76 78
80 78 77
81 80 77
81 77 20
20 77 74
21 20 74
20 19 81
19 82 81
82 19 18
81 82 83
82 84 83
83 84 85
84 86 85
86 87 85
84 88 86
88 84 89
84 82 89
82 18 89
90 88 89
15 90 89
15 89 18
91 88 90
16 90 15
88 91 92
86 92 87
88 92 86
92 93 87
91 94 92
92 94 93
95 93 94
96 95 94
94 97 96
91 97 94
98 95 96
96 99 98
99 96 100
97 100 96
100 101 99
100 102 101
102 100 103
100 97 103
102 104 101
95 105 93
106 105 95
95 98 106
107 105 106
102 103 108
109 102 108
109 104 102
108 103 110
103 97 111
103 111 112
110 103 112
97 91 111
90 112 111
91 90 111
90 113 112
109 114 104
115 107 106
107 115 116
107 116 117
118 117 116
119 117 118
116 115 120
120 121 116
121 118 116
122 118 121
123 118 122
119 118 123
124 119 123
124 123 125
123 126 125
127 125 126
128 127 126
129 127 128
130 129 128
129 130 131
132 129 131
131 133 132
133 134 132
133 135 134
135 136 134
135 137 136
137 138 136
137 139 138
139 140 138
131 130 141
142 131 141
143 135 133
144 143 133
142 144 131
144 133 131
141 130 145
130 128 145
145 128 146
128 126 146
146 126 147
126 123 147
148 139 137
149 148 137
137 135 149
135 143 149
123 122 147
150 149 143
149 150 148
151 150 143
151 143 144
152 151 144
150 153 148
147 154 146
154 155 146
146 155 145
155 156 145
141 145 156
157 141 156
141 157 142
157 158 142
152 144 158
144 142 158
154 147 159
147 122 159
159 122 160
160 121 161
160 122 121
120 161 121
120 162 161
162 120 163
115 163 120
164 163 115
163 164 165
165 164 166
164 98 166
166 98 99
164 106 98
164 115 106
165 166 167
99 168 166
167 166 168
101 168 99
169 168 101
168 169 167
101 104 169
104 170 169
169 170 171
169 171 167
170 172 171
114 170 104
114 173 170
172 170 173
172 173 174
175 165 167
165 175 176
165 176 163
162 163 176
177 167 171
177 175 167
171 172 178
178 177 171
179 172 174
172 179 178
17 7 180
7 23 180
180 181 17
181 182 17
9 17 182
22 9 182
56 41 40
183 56 43
184 183 43
43 44 184
44 185 184
56 183 186
52 56 186
44 46 185
46 187 185
187 46 48
188 187 48
189 183 184
190 189 184
184 185 190
185 191 190
191 185 187
189 192 183
192 186 183
192 193 186
193 194 186
194 52 186
53 52 194
195 53 194
55 53 195
196 55 195
195 194 197
197 194 193
198 195 197
196 195 198
198 197 199
197 200 199
201 199 200
199 201 202
203 199 202
198 199 203
202 201 140
201 138 140
138 201 204
204 201 200
136 138 204
136 204 205
134 136 205
206 198 203
206 196 198
134 205 207
132 134 207
132 207 208
208 207 209
207 210 209
209 210 211
210 212 211
208 209 213
214 208 213
214 213 215
216 214 215
216 215 217
215 218 217
217 218 219
218 220 219
221 220 218
222 221 218
215 213 223
215 223 218
223 222 218
213 224 223
211 224 209
224 213 209
221 222 225
222 226 225
226 222 227
222 223 227
224 228 223
228 227 223
214 216 125
127 214 125
125 216 124
124 217 219
216 217 124
219 119 124
127 129 214
129 208 214
129 132 208
225 226 229
229 230 225
230 229 231
229 232 231
229 233 232
233 234 232
234 233 235
236 234 235
237 236 235
238 237 235
237 238 239
238 240 239
238 228 240
228 241 240
242 239 240
243 242 240
240 241 243
244 242 243
245 244 243
244 245 246
245 247 246
245 248 247
248 249 247
243 250 245
250 248 245
241 250 243
212 250 241
250 212 248
211 212 241
241 228 211
228 238 227
228 224 211
251 247 249
247 251 252
247 252 246
252 251 253
251 254 253
255 253 254
256 255 254
256 257 255
257 258 255
257 256 259
256 260 259
258 257 261
262 258 261
262 261 263
263 261 264
261 265 264
259 265 257
265 261 257
266 262 263
266 263 267
263 268 267
269 267 268
270 269 268
271 269 270
271 270 272
270 273 272
273 270 268
264 274 263
274 268 263
274 273 268
275 262 266
275 276 262
276 258 262
277 275 266
277 266 267
278 277 267
278 267 269
279 278 269
258 276 255
276 280 255
255 280 253
280 281 253
253 281 252
281 282 252
252 282 246
282 283 246
244 246 283
284 244 283
284 285 244
285 242 244
285 286 242
286 239 242
237 239 286
287 237 286
236 237 287
288 236 287
236 288 289
234 236 289
234 289 290
232 234 290
290 291 232
291 231 232
231 291 292
293 231 292
230 231 293
294 230 293
295 230 294
230 295 225
225 295 221
295 296 221
221 296 220
296 297 220
297 296 298
299 297 298
298 296 300
296 295 300
300 295 294
297 219 220
297 301 219
301 297 299
119 219 301
301 117 119
117 301 302
302 107 117
302 105 107
105 302 303
303 93 105
303 87 93
299 304 301
302 304 303
302 301 304
305 303 304
303 305 87
304 306 305
299 306 304
307 305 306
306 308 307
308 309 307
309 310 307
311 309 308
312 311 308
312 308 306
309 313 310
313 80 310
80 313 78
78 313 314
313 315 314
311 315 309
315 313 309
316 312 306
85 305 307
83 85 307
310 83 307
81 83 310
80 81 310
314 315 317
315 318 317
318 315 311
317 318 319
318 320 319
318 321 320
321 318 311
321 311 312
321 322 320
319 320 323
323 320 322
324 319 323
323 325 324
325 326 324
324 326 327
328 324 327
324 328 329
330 324 329
319 330 317
324 330 319
331 330 329
330 331 317
272 331 329
321 332 322
332 333 322
334 322 333
334 323 322
335 334 333
335 333 336
337 335 336
336 333 338
333 332 338
335 339 334
339 340 334
334 340 323
340 325 323
339 335 341
335 337 341
316 338 332
312 316 332
332 321 312
338 316 298
300 338 298
336 338 300
294 336 300
337 336 294
293 337 294
341 337 293
292 341 293
298 316 299
316 306 299
342 343 344
343 345 344
342 344 346
344 347 346
346 347 348
349 345 343
350 345 349
351 350 349
352 350 351
352 353 350
353 354 350
355 354 353
355 356 354
356 357 354
358 357 356
345 359 344
359 360 344
344 360 347
360 361 347
354 357 362
357 363 362
354 364 350
364 354 362
350 364 345
364 359 345
357 365 363
358 365 357
366 365 358
367 365 366
365 368 363
369 368 365
370 369 365
367 370 365
371 370 367
372 370 371
373 369 370
374 373 370
372 374 370
375 374 372
376 374 375
377 373 374
378 377 374
374 376 378
379 378 376
379 380 378
380 381 378
378 381 377
380 382 381
382 383 381
384 383 382
385 383 384
381 386 377
381 383 386
383 387 386
383 388 387
388 389 387
388 347 389
347 361 389
361 390 389
386 390 377
389 390 387
387 390 386
360 390 361
359 390 360
364 390 359
362 390 364
363 390 362
368 390 363
369 390 368
373 390 369
377 390 373
348 347 388
348 388 391
391 388 392
388 383 392
383 385 392
393 394 395
394 396 395
395 396 190
396 189 190
190 191 395
191 397 395
393 395 397
397 191 398
399 397 398
397 399 400
400 393 397
399 401 400
399 402 401
402 403 401
402 399 404
399 398 404
402 404 405
406 402 405
403 402 406
398 191 187
404 398 188
398 187 188
407 403 406
407 406 79
408 407 79
405 404 409
404 188 409
409 188 73
405 76 406
76 79 406
409 75 405
75 76 405
73 72 409
72 75 409
408 79 78
314 408 78
73 188 48
407 408 272
407 272 273
403 407 273
403 273 274
401 403 274
401 274 264
400 401 264
264 265 400
265 393 400
265 259 393
259 394 393
394 259 260
410 394 260
396 394 410
411 396 410
412 411 410
413 412 410
410 260 413
414 412 413
415 414 413
414 416 412
416 193 412
414 415 417
415 418 417
417 419 414
419 416 414
205 419 417
420 205 417
417 418 420
415 421 418
421 249 418
418 422 420
422 418 249
413 423 415
423 421 415
416 197 193
419 200 416
200 197 416
200 419 204
419 205 204
210 420 422
212 210 422
205 420 207
420 210 207
421 251 249
248 422 249
212 422 248
423 254 421
254 251 421
254 423 256
423 260 256
260 423 413
226 233 229
235 233 226
227 235 226
238 235 227
328 269 271
279 269 328
327 279 328
424 425 426
425 427 426
426 428 424
427 425 429
425 430 429
430 431 429
424 428 432
432 428 433
432 433 434
434 433 435
435 436 434
437 436 435
436 437 438
436 438 439
440 436 439
441 440 439
440 442 436
436 442 434
434 442 443
443 432 434
444 432 443
445 441 439
445 439 446
441 445 447
448 447 445
449 448 445
446 449 445
448 449 450
450 451 448
448 452 447
448 451 452
452 451 453
453 451 454
455 454 451
454 455 456
457 454 456
454 457 453
458 457 456
456 459 458
459 460 458
459 461 460
451 450 462
455 451 462
453 457 463
453 463 464
463 465 464
464 465 466
465 467 466
466 467 468
467 469 468
470 471 472
471 470 473
474 471 473
474 473 475
475 476 474
472 477 470
477 472 478
479 476 475
480 476 479
481 480 479
482 480 481
482 481 483
482 483 484
485 477 478
485 478 486
487 485 486
488 485 487
488 487 489
488 489 490
490 489 491
491 492 490
484 483 493
493 494 484
493 495 494
496 497 498
497 499 498
496 498 500
501 496 500
502 501 500
499 497 503
504 499 503
505 504 503
501 502 506
506 502 507
508 506 507
508 507 509
510 508 509
509 511 510
512 511 509
513 514 515
514 513 516
517 513 515
516 518 514
519 518 516
519 520 518
521 520 519
522 520 521
523 522 521
524 522 523
525 524 523
525 523 526
526 527 525
527 526 528
529 527 528
529 528 530
529 530 531
531 530 532
531 532 533
532 534 533
534 535 533
535 536 533
536 537 533
535 534 538
535 538 539
538 540 539
537 536 541
542 539 540
543 542 540
544 542 543
545 544 543
545 546 544
536 547 541
547 548 541
549 550 551
549 551 552
549 552 553
553 552 424
424 444 553
424 432 444
550 554 551
550 555 554
554 555 556
557 558 559
557 559 560
561 560 559
562 558 557
563 558 562
563 562 564
565 563 564
564 566 565
567 568 569
570 568 567
571 570 567
572 570 571
573 572 571
574 575 576
575 577 576
575 578 577
578 579 577
578 580 579
580 581 579
580 582 581
583 584 585
583 585 586
586 585 587
586 587 588
589 586 588
583 590 584
584 590 591
590 592 591
591 592 593
592 594 593
593 594 595
594 596 595
596 597 595
598 599 600
598 600 601
602 598 601
601 603 602
603 604 602
605 606 607
606 608 607
608 609 607
609 608 610
608 611 610
610 611 612
611 613 612
613 614 612
615 616 617
618 615 617
615 619 616
616 619 620
620 619 621
621 622 620
621 623 622
623 624 622
625 626 627
627 626 628
626 629 628
628 629 630
629 631 630
630 631 632
631 633 632
633 634 632
635 636 637
635 637 638
639 637 636
639 636 640
641 639 640
641 640 642
642 643 641
644 645 646
647 644 646
645 648 646
645 649 648
648 649 650
649 651 650
650 651 652
651 653 652
654 655 656
655 657 656
655 658 657
659 517 660
517 515 660
193 192 412
192 411 412
192 189 411
189 396 411
408 331 272
408 314 331
314 317 331
85 87 305
16 113 90
661 662 663
662 664 663
664 662 665
666 664 665
666 665 667
668 666 667
668 667 669
670 668 669
661 663 671
672 661 671
672 671 673
674 672 673
674 673 675
669 676 670
676 677 670
676 678 677
678 679 677
679 678 680
678 681 680
680 681 682
681 683 682
684 682 683
685 686 687
686 688 687
688 689 687
688 690 689
690 691 689
691 690 692
693 691 692
693 692 694
695 693 694
694 696 695
696 697 695
696 698 697
698 699 697
698 700 699
700 701 699
701 700 702
703 701 702
703 702 704
705 703 704
705 704 706
707 705 706
707 706 708
709 707 708
709 708 710
711 709 710
712 711 710
713 714 715
713 715 716
715 717 716
718 717 715
715 719 718
713 716 720
721 713 720
713 721 714
722 716 717
723 722 717
723 717 724
718 724 717
725 723 724
723 725 726
725 727 726
727 725 728
729 727 728
722 730 716
730 720 716
725 724 731
725 731 728
732 731 724
732 724 718
733 732 718
718 734 733
722 723 735
723 726 735
721 720 736
737 721 736
738 721 737
739 738 737
740 738 739
740 741 738
741 714 738
721 738 714
741 742 714
741 743 742
741 740 743
743 744 742
744 743 745
746 745 743
746 747 745
747 748 745
745 748 749
749 744 745
748 750 749
750 748 751
752 750 751
750 752 753
752 754 753
749 750 755
750 753 755
753 756 755
756 757 755
758 755 757
755 758 749
758 744 749
759 758 757
760 758 759
761 760 759
752 751 762
763 752 762
754 752 763
764 754 763
765 754 764
766 765 764
766 764 54
55 766 54
767 754 765
756 753 767
760 744 758
54 764 57
764 763 57
57 763 58
763 762 58
58 762 59
762 768 59
61 59 768
769 61 768
769 768 770
771 769 770
770 747 771
747 772 771
772 747 746
773 772 746
773 746 774
774 746 743
775 773 774
774 740 775
740 774 743
740 776 775
776 740 739
770 768 751
768 762 751
751 748 770
748 747 770
742 777 778
777 719 778
777 779 719
742 778 714
779 734 719
719 734 718
715 778 719
715 714 778
780 779 777
780 777 761
777 760 761
742 760 777
742 744 760
779 781 734
779 782 781
782 783 781
783 784 781
783 785 784
786 785 783
787 784 785
788 784 787
788 733 784
733 781 784
734 781 733
733 788 732
732 788 789
789 731 732
788 790 789
789 790 791
790 792 791
791 792 793
793 792 794
791 793 795
795 796 791
791 796 789
789 796 731
796 795 797
728 796 797
731 796 728
798 797 795
729 728 797
795 799 798
793 794 799
795 793 799
799 794 800
798 799 801
799 800 801
802 801 800
803 801 802
801 803 804
798 801 804
805 803 802
803 805 806
806 807 803
804 803 807
807 806 808
807 808 809
809 810 807
807 810 804
809 808 811
802 800 812
813 802 812
802 813 805
814 813 812
809 815 810
816 815 809
816 809 811
815 817 810
810 818 804
810 819 818
817 819 810
804 818 798
797 818 819
798 818 797
797 819 820
816 811 821
822 813 814
814 823 822
814 824 823
825 823 824
826 825 824
823 827 822
827 823 828
828 823 825
829 828 825
830 829 825
826 830 825
831 830 826
830 831 832
833 830 832
832 834 833
834 835 833
834 836 835
836 837 835
837 836 838
836 839 838
840 838 839
841 840 839
842 840 841
843 842 841
844 842 843
845 844 843
139 844 845
140 139 845
837 838 846
838 847 846
842 848 840
848 849 840
840 849 838
849 847 838
837 846 850
835 837 850
835 850 851
833 835 851
833 851 852
830 833 852
139 148 844
148 853 844
848 842 853
842 844 853
830 852 829
848 853 854
853 148 854
855 848 854
849 848 855
856 849 855
148 153 854
857 852 851
858 857 851
858 851 850
859 858 850
850 846 859
846 860 859
860 846 847
861 860 847
847 849 861
849 856 861
829 852 862
852 857 862
862 863 829
863 828 829
863 864 828
827 828 864
827 864 865
865 866 827
822 827 866
867 822 866
866 868 867
868 869 867
867 869 805
869 806 805
867 805 813
867 813 822
868 870 869
806 869 871
870 871 869
808 806 871
872 808 871
871 870 872
808 872 811
811 872 873
872 874 873
872 870 874
873 874 875
821 811 873
821 873 876
875 876 873
875 877 876
878 870 868
868 879 878
868 866 879
865 879 866
880 874 870
880 870 878
874 881 875
881 874 880
882 877 875
875 881 882
736 720 883
720 730 883
884 883 730
885 884 730
730 722 885
722 735 885
767 753 754
756 767 886
887 756 886
756 887 757
887 888 757
889 886 767
765 889 767
759 757 888
890 759 888
761 759 890
891 761 890
887 886 892
893 887 892
887 893 888
893 894 888
888 894 890
892 886 895
886 889 895
896 895 889
897 896 889
897 889 765
765 766 897
766 898 897
898 766 55
196 898 55
899 897 898
897 899 896
900 899 898
900 898 196
899 900 901
902 899 901
901 903 902
903 901 202
901 203 202
901 900 203
903 202 140
845 903 140
903 845 904
903 904 902
845 843 904
904 843 905
843 841 905
900 206 203
206 900 196
905 841 906
841 839 906
906 839 907
906 907 908
909 906 908
909 908 910
911 909 910
908 907 912
907 913 912
914 912 913
915 914 913
914 915 916
917 914 916
916 918 917
918 919 917
919 920 917
920 921 917
914 922 912
921 922 917
922 914 917
922 923 912
912 923 908
923 910 908
921 920 924
925 921 924
925 926 921
926 922 921
926 927 922
927 923 922
915 913 832
913 834 832
916 915 831
915 832 831
831 918 916
918 831 826
928 920 919
929 928 919
929 919 918
928 929 930
929 931 930
925 924 932
933 932 924
932 933 934
935 932 934
936 932 935
936 925 932
937 936 935
936 937 938
937 939 938
938 939 940
941 938 940
940 942 941
942 943 941
941 943 927
943 944 927
943 942 945
946 943 945
943 946 944
946 945 947
948 946 947
947 949 948
949 950 948
948 950 951
950 952 951
946 948 953
948 951 953
946 953 944
953 911 944
953 951 911
911 910 944
927 944 910
927 926 941
926 938 941
926 925 938
925 936 938
950 954 952
950 955 954
950 949 955
954 955 956
957 954 956
956 958 957
958 959 957
959 958 960
958 961 960
960 962 959
962 963 959
964 960 961
965 964 961
964 965 966
964 966 967
968 964 967
964 968 960
968 962 960
965 969 966
969 970 966
970 971 966
971 970 972
973 971 972
974 973 972
973 974 975
976 973 975
973 976 971
977 975 974
978 977 974
978 974 979
974 980 979
980 974 972
971 981 966
981 967 966
976 981 971
969 982 970
982 969 983
969 965 983
983 965 984
965 961 984
980 985 979
985 986 979
986 987 979
987 988 979
979 988 989
979 989 978
988 990 989
990 991 989
992 991 990
993 992 990
990 988 993
991 994 989
984 961 958
995 984 958
995 958 956
996 995 956
996 956 955
997 996 955
955 949 997
949 998 997
998 949 947
999 998 947
1000 999 947
945 1000 947
1001 1000 945
942 1001 945
1001 942 940
1002 1001 940
1002 940 939
1003 1002 939
1003 939 1004
939 937 1004
1004 937 1005
937 935 1005
1006 1005 935
934 1006 935
1006 934 1007
934 1008 1007
1008 934 933
1009 1008 933
1009 933 1010
1010 933 924
1010 924 920
928 1010 920
1010 928 1011
1011 1009 1010
928 930 1011
1011 930 1012
930 1013 1012
1012 1013 1014
1014 1015 1012
1015 1016 1012
1012 1016 1011
1016 1009 1011
1015 1017 1016
1018 1017 1015
993 1018 1015
1015 1014 993
1017 1019 1016
1016 1019 1009
1020 1017 1018
1021 1020 1018
1014 992 993
988 1018 993
1021 1018 988
987 1021 988
1019 1017 1022
1017 1020 1022
992 1014 1023
1013 1023 1014
1013 1024 1023
1024 1025 1023
1026 1023 1025
1026 992 1023
1027 1026 1025
1027 1025 1028
1024 1028 1025
1029 1027 1028
1030 1027 1029
787 1030 1029
787 785 1030
785 1031 1030
1031 1032 1030
1030 1032 1027
1032 1026 1027
1028 1024 1033
1034 1033 1024
1033 1034 1035
1036 1035 1034
812 1035 1036
1036 814 812
1035 812 800
1035 800 794
1035 794 1033
1036 824 814
824 1036 1037
1036 1034 1037
1037 826 824
826 1037 918
931 1037 1034
929 918 1037
1037 931 929
1031 994 1032
994 991 1032
1032 991 1026
991 992 1026
989 994 978
994 977 978
994 1031 977
1031 1038 977
1031 785 1038
785 786 1038
1039 1038 786
1040 1039 786
1041 1039 1040
1042 1041 1040
1041 1042 1043
1042 1044 1043
1043 1044 1045
1044 1046 1045
1046 1044 1047
894 1046 1047
1047 1044 1048
1044 1042 1048
1048 1042 1049
1042 1040 1049
1046 894 1050
894 893 1050
1050 893 1051
1051 1052 1050
1052 1053 1050
1050 1053 1046
1053 1045 1046
893 892 1051
894 1047 890
890 1047 891
1047 1048 891
1054 1052 1051
1055 1054 1051
1051 892 1055
1054 1055 1056
1057 1054 1056
1056 1058 1057
1058 1059 1057
1060 1058 1056
896 1060 1056
1059 1058 1061
1062 1059 1061
1060 1063 1058
1063 1061 1058
1061 1063 905
1064 1061 905
1061 1064 1062
1065 1059 1062
952 1065 1062
1064 1066 1062
952 1062 1066
1065 1067 1059
1067 1057 1059
899 1060 896
899 902 1060
902 1063 1060
905 1063 904
1063 902 904
1066 1064 909
911 1066 909
905 906 1064
906 909 1064
954 1065 952
951 952 1066
951 1066 911
954 957 1065
957 1067 1065
1067 957 959
963 1067 959
1067 963 1057
963 1054 1057
1052 1054 963
962 1052 963
1053 1052 962
968 1053 962
1053 968 1045
968 967 1045
1043 1045 967
981 1043 967
1041 1043 981
976 1041 981
1039 1041 976
975 1039 976
1038 1039 975
977 1038 975
1068 1069 1070
1069 1071 1070
1071 1072 1070
1072 1073 1070
1072 1074 1073
1075 1069 1068
1075 1068 1076
1077 1075 1076
1078 1077 1076
1079 1078 1076
1080 1079 1076
1081 1079 1080
1082 1081 1080
1083 1082 1080
1084 1082 1083
1070 1073 1085
1070 1085 1086
1073 1087 1085
1083 1080 1088
1089 1083 1088
1080 1076 1090
1090 1088 1080
1076 1068 1090
1068 1086 1090
1068 1070 1086
1091 1083 1089
1084 1083 1091
1092 1084 1091
1093 1092 1091
1094 1091 1089
1091 1094 1095
1096 1091 1095
1093 1091 1096
1097 1093 1096
1098 1097 1096
1096 1095 1099
1100 1096 1099
1098 1096 1100
1101 1098 1100
1102 1101 1100
1100 1099 1103
1104 1100 1103
1100 1104 1102
1105 1102 1104
1106 1105 1104
1107 1106 1104
1107 1104 1103
1108 1106 1107
1109 1108 1107
1110 1108 1109
1111 1110 1109
1112 1107 1103
1109 1107 1112
1113 1109 1112
1114 1109 1113
1115 1114 1113
1073 1114 1115
1087 1073 1115
1087 1115 1116
1112 1103 1116
1115 1113 1116
1113 1112 1116
1085 1087 1116
1086 1085 1116
1090 1086 1116
1088 1090 1116
1089 1088 1116
1094 1089 1116
1095 1094 1116
1099 1095 1116
1103 1099 1116
1074 1114 1073
1074 1117 1114
1117 1118 1114
1114 1118 1109
1118 1111 1109
839 836 907
907 836 913
836 834 913
790 1028 792
792 1028 1033
792 1033 794
1029 1028 790
788 1029 790
787 1029 788
923 927 910
982 1119 970
970 1119 972
1119 1120 972
972 1120 980
1120 985 980
1121 1122 1123
1122 1124 1123
1122 1121 1125
1124 1126 1123
1126 1127 1123
1127 1126 1128
1121 1129 1125
1129 1130 1125
1129 1131 1130
1131 1132 1130
1132 1131 1133
1134 1132 1133
1133 1135 1134
1133 1136 1135
1137 1136 1133
1138 1136 1137
1137 1133 1139
1133 1131 1139
1131 1140 1139
1140 1131 1129
1141 1140 1129
1142 1136 1138
1142 1143 1136
1138 1144 1142
1145 1142 1144
1146 1142 1145
1143 1142 1146
1145 1147 1146
1147 1145 1148
1145 1144 1149
1145 1149 1148
1149 1150 1148
1150 1151 1148
1152 1148 1151
1151 1153 1152
1154 1153 1151
1151 1150 1154
1155 1153 1154
1153 1155 1156
1156 1155 1157
1156 1157 1158
1148 1159 1147
1152 1159 1148
1150 1160 1154
1150 1161 1160
1160 1161 1162
1161 1163 1162
1162 1163 1164
1163 1165 1164
1164 1165 1166
1167 1168 1169
1169 1170 1167
1171 1170 1169
1171 1172 1170
1172 1171 1173
1168 1167 1174
1174 1175 1168
1176 1172 1173
1177 1176 1173
1178 1176 1177
1179 1178 1177
1179 1180 1178
1179 1181 1180
1182 1175 1174
1182 1183 1175
1184 1183 1182
1185 1184 1182
1185 1186 1184
1185 1187 1186
1187 1188 1186
1188 1187 1189
1181 1190 1180
1190 1181 1191
1190 1191 1192
1193 1194 1195
1194 1196 1195
1195 1196 1197
1196 1198 1197
1199 1197 1198
1200 1194 1193
1201 1200 1193
1202 1200 1201
1198 1203 1199
1199 1203 1204
1203 1205 1204
1205 1206 1204
1207 1206 1205
1206 1207 1208
1209 1206 1208
1210 1211 1212
1212 1213 1210
1214 1211 1210
1213 1212 1215
1216 1213 1215
1216 1215 1217
1218 1216 1217
1219 1218 1217
1220 1218 1219
1221 1220 1219
1222 1220 1221
1222 1223 1220
1223 1222 1224
1224 1225 1223
1226 1225 1224
1226 1227 1225
1226 1228 1227
1228 1229 1227
1228 1230 1229
1229 1230 1231
1231 1230 1232
1232 1230 1233
1230 1234 1233
1232 1235 1231
1235 1232 1236
1237 1235 1236
1234 1238 1233
1237 1236 1239
1240 1237 1239
1240 1239 1241
1242 1240 1241
1242 1241 1243
1233 1238 1244
1244 1238 1245
1246 1247 1248
1246 1249 1247
1246 1250 1249
1250 1121 1249
1121 1250 1141
1121 1141 1129
1248 1247 1251
1248 1251 1252
1251 1253 1252
1254 1255 1256
1254 1257 1255
1258 1255 1257
1259 1254 1256
1260 1259 1256
1259 1260 1261
1260 1262 1261
1261 1262 1263
1264 1265 1266
1267 1264 1266
1268 1264 1267
1269 1268 1267
1270 1268 1269
1271 1272 1273
1272 1274 1273
1273 1274 1275
1274 1276 1275
1275 1276 1277
1276 1278 1277
1277 1278 1279
1280 1281 1282
1280 1283 1281
1283 1284 1281
1283 1285 1284
1286 1285 1283
1280 1282 1287
1287 1282 1288
1289 1287 1288
1289 1288 1290
1291 1289 1290
1291 1290 1292
1293 1291 1292
1293 1292 1294
1295 1296 1297
1298 1296 1295
1299 1298 1295
1300 1298 1299
1301 1300 1299
1302 1303 1304
1304 1303 1305
1303 1306 1305
1305 1306 1307
1308 1305 1307
1308 1307 1309
1310 1308 1309
1310 1309 1311
1312 1313 1314
1315 1313 1312
1312 1314 1316
1314 1317 1316
1317 1318 1316
1318 1317 1319
1318 1319 1320
1320 1319 1321
1322 1323 1324
1324 1323 1325
1326 1324 1325
1326 1325 1327
1328 1326 1327
1328 1327 1329
1330 1328 1329
1330 1329 1331
1332 1333 1334
1332 1335 1333
1336 1334 1333
1336 1337 1334
1338 1337 1336
1338 1339 1337
1339 1338 1340
1341 1342 1343
1344 1342 1341
1343 1342 1345
1343 1345 1346
1345 1347 1346
1346 1347 1348
1347 1349 1348
1348 1349 1350
1351 1352 1353
1352 1354 1353
1353 1354 1355
1356 1357 1214
1214 1357 1211
1358 780 891
891 1048 1358
1048 1049 1358
1358 1049 782
1049 783 782
1049 1040 783
1040 786 783
782 779 1358
779 780 1358
780 761 891
896 1056 895
1056 1055 895
892 895 1055
931 1034 1024
1013 931 1024
930 931 1013
1019 1008 1009
1008 1019 1022
1007 1008 1022
729 797 820
1359 1360 1361
1362 1360 1359
1363 1362 1359
1364 1362 1363
1365 1364 1363
1366 1364 1365
1367 1366 1365
1368 1366 1367
1369 1368 1367
1370 1368 1369
1371 1370 1369
1372 1370 1371
1373 1372 1371
1374 1372 1373
1375 1374 1373
1376 1374 1375
1377 1376 1375
1376 1377 1378
1377 1379 1378
1378 1379 1380
1379 1381 1380
1382 1380 1381
1383 1382 1381
1384 1382 1383
1385 1384 1383
1386 1384 1385
1387 1388 1389
1388 1390 1389
1391 1388 1387
1392 1391 1387
1393 1391 1392
1394 1393 1392
1395 1393 1394
1396 1395 1394
1395 1396 1397
1396 1398 1397
1389 1390 1399
1390 1400 1399
1399 1400 1401
1400 1402 1401
1402 1403 1401
1397 1398 1404
1398 1405 1404
1405 1406 1404
1406 1407 1404
1406 1408 1407
1408 1409 1407
1410 1409 1408
