byte offset: 0
first index: 75510
index count: 8859
topology: trianglelist
format: DXGI_FORMAT_R16_UINT

20840 20841 20842
20843 20844 20845
20844 20843 20846
20846 20847 20844
20847 20846 20848
20849 20850 20851
20850 20849 20852
20853 20851 20850
20851 20853 20854
20855 20856 20857
20856 20855 20858
20858 20859 20856
20859 20858 20860
20860 20861 20859
20861 20860 20862
20862 20863 20861
20863 20862 20864
20864 20865 20863
20865 20864 20866
20855 20857 20867
20857 20868 20867
20868 20869 20867
20869 20868 20870
20871 20872 20873
20872 20871 20874
20873 20875 20871
20875 20873 20876
20873 20877 20876
20877 20873 20878
20872 20878 20873
20878 20872 20879
20880 20879 20872
20879 20880 20881
20881 20880 20882
20880 20883 20882
20884 20882 20883
20882 20884 20885
20883 20880 20886
20872 20886 20880
20886 20872 20874
20887 20882 20885
20885 20888 20887
20889 20888 20885
20884 20889 20885
20889 20890 20888
20889 20891 20890
20892 20891 20889
20889 20884 20892
20891 20892 20893
20891 20894 20890
20895 20894 20891
20893 20895 20891
20894 20895 20896
20895 20897 20896
20897 20895 20898
20899 20898 20895
20895 20893 20899
20898 20899 20900
20901 20897 20898
20901 20898 20902
20900 20902 20898
20903 20901 20902
20904 20903 20902
20905 20903 20904
20902 20900 20906
20902 20906 20907
20904 20902 20907
20908 20904 20907
20909 20904 20908
20905 20904 20909
20905 20909 20910
20909 20911 20910
20911 20909 20912
20909 20913 20912
20909 20908 20913
20912 20914 20911
20914 20912 20915
20915 20916 20914
20916 20915 20917
20918 20917 20915
20918 20912 20913
20912 20918 20915
20917 20918 20919
20919 20876 20917
20876 20919 20875
20917 20877 20916
20877 20917 20876
20920 20914 20916
20914 20920 20921
20921 20911 20914
20922 20910 20911
20911 20921 20922
20910 20922 20923
20924 20916 20877
20916 20924 20920
20878 20924 20877
20924 20878 20925
20879 20925 20878
20925 20879 20926
20881 20926 20879
20926 20881 20927
20928 20927 20881
20927 20928 20929
20887 20929 20928
20929 20887 20930
20888 20930 20887
20930 20888 20931
20890 20931 20888
20931 20890 20932
20894 20932 20890
20932 20894 20933
20894 20934 20933
20934 20894 20896
20897 20934 20896
20934 20897 20935
20897 20936 20935
20936 20897 20901
20901 20937 20936
20937 20901 20903
20903 20938 20937
20938 20903 20905
20905 20923 20938
20923 20905 20910
20939 20874 20871
20940 20939 20871
20875 20940 20871
20919 20940 20875
20919 20941 20940
20918 20941 20919
20942 20941 20918
20913 20942 20918
20913 20943 20942
20943 20913 20908
20943 20908 20907
20939 20886 20874
20939 20944 20886
20886 20944 20883
20944 20945 20883
20945 20884 20883
20945 20946 20884
20946 20892 20884
20892 20946 20893
20946 20947 20893
20947 20899 20893
20899 20947 20900
20948 20900 20947
20943 20907 20948
20906 20948 20907
20900 20948 20906
20887 20928 20882
20928 20881 20882
20949 20950 20951
20950 20949 20952
20953 20951 20950
20951 20953 20954
20955 20954 20953
20954 20955 20956
20957 20956 20955
20956 20957 20958
20959 20960 20961
20962 20963 20964
20963 20962 20965
20966 20962 20964
20962 20966 20967
20968 20967 20966
20967 20968 20969
20968 20970 20969
20970 20971 20969
20968 20972 20970
20973 20974 20975
20974 20973 20976
20977 20976 20973
20976 20977 20978
20979 20978 20977
20978 20979 20980
20981 20980 20979
20980 20981 20982
20983 20982 20981
20982 20983 20984
20974 20985 20975
20975 20985 20986
20987 20986 20985
20986 20987 20988
20989 20990 20991
20990 20989 20992
20991 20993 20989
20993 20991 20994
20994 20995 20993
20995 20994 20996
20996 20997 20995
20997 20996 20998
20999 21000 21001
21000 20999 21002
21000 21003 21001
21003 21000 21004
21004 21005 21003
21005 21004 21006
21005 21006 21007
21007 21006 21008
21005 21007 21009
21010 21011 21012
21013 21014 21015
21014 21013 21016
21017 21015 21014
21015 21017 21018
21019 21020 21021
21020 21019 21022
21022 21023 21020
21023 21022 21024
21025 21026 21027
21028 21029 21030
21029 21028 21031
21032 21030 21029
21030 21032 21033
21034 21030 21033
21030 21034 21035
21035 21028 21030
21028 21035 21036
21036 21037 21028
21037 21036 21038
21038 21039 21037
21040 21037 21039
21039 21041 21040
21041 21039 21042
21037 21040 21043
21028 21043 21031
21043 21028 21037
21044 21042 21039
21042 21044 21045
21046 21042 21045
21046 21041 21042
21046 21045 21047
21046 21047 21048
21048 21049 21046
21041 21046 21049
21049 21048 21050
21048 21047 21051
21051 21052 21048
21052 21050 21048
21052 21051 21053
21054 21052 21053
21052 21054 21055
21055 21056 21052
21050 21052 21056
21056 21055 21057
21058 21055 21054
21058 21059 21055
21059 21057 21055
21060 21059 21058
21061 21059 21060
21062 21061 21060
21057 21059 21063
21059 21064 21063
21061 21064 21059
21065 21064 21061
21066 21065 21061
21062 21066 21061
21062 21067 21066
21068 21066 21067
21066 21068 21069
21066 21069 21070
21066 21070 21065
21071 21069 21068
21069 21071 21072
21073 21072 21071
21072 21073 21074
21074 21075 21072
21075 21069 21072
21069 21075 21070
21075 21074 21076
21033 21076 21074
21076 21033 21032
21074 21034 21033
21034 21074 21073
21071 21077 21073
21077 21071 21078
21068 21078 21071
21067 21079 21068
21078 21068 21079
21079 21067 21080
21073 21081 21034
21081 21073 21077
21081 21035 21034
21035 21081 21082
21082 21036 21035
21036 21082 21083
21083 21038 21036
21038 21083 21084
21084 21085 21038
21085 21084 21086
21086 21044 21085
21044 21086 21087
21087 21045 21044
21045 21087 21088
21088 21047 21045
21047 21088 21089
21089 21051 21047
21051 21089 21090
21091 21051 21090
21051 21091 21053
21091 21054 21053
21054 21091 21092
21093 21054 21092
21054 21093 21058
21094 21058 21093
21058 21094 21060
21095 21060 21094
21060 21095 21062
21080 21062 21095
21062 21080 21067
21096 21029 21031
21097 21029 21096
21032 21029 21097
21076 21032 21097
21076 21097 21098
21075 21076 21098
21099 21075 21098
21070 21075 21099
21100 21070 21099
21070 21100 21065
21100 21064 21065
21096 21031 21043
21096 21043 21101
21043 21040 21101
21101 21040 21102
21102 21040 21041
21102 21041 21103
21103 21041 21049
21049 21050 21103
21103 21050 21104
21104 21050 21056
21056 21057 21104
21105 21104 21057
21100 21105 21064
21063 21064 21105
21057 21063 21105
21044 21039 21085
21085 21039 21038
21106 21107 21108
21107 21106 21109
21107 21110 21108
21110 21107 21111
21111 21112 21110
21112 21111 21113
21112 21113 21114
21114 21113 21115
21112 21114 21116
21117 21118 21119
21118 21117 21120
21121 21117 21119
21117 21121 21122
21123 21122 21121
21122 21123 21124
21123 21125 21124
21125 21126 21124
21123 21127 21125
21128 21129 21130
21130 21129 21131
21130 21131 21132
21130 21132 21133
21134 21133 21132
21135 21134 21132
21131 21135 21132
21135 21136 21134
21137 21134 21136
21137 21138 21134
21134 21138 21139
21140 21138 21137
21141 21138 21140
21139 21138 21141
21142 21139 21141
21141 21143 21142
21144 21143 21141
21142 21143 21145
21145 21146 21142
21147 21146 21145
21146 21148 21142
21146 21147 21148
21144 21149 21143
21147 21145 21149
21149 21145 21143
21141 21140 21150
21144 21141 21150
21147 21151 21148
21151 21152 21148
21148 21152 21142
21152 21153 21142
21154 21153 21152
21151 21154 21152
21154 21155 21153
21156 21153 21155
21153 21156 21157
21156 21155 21158
21156 21158 21159
21160 21156 21159
21160 21159 21161
21157 21161 21162
21163 21160 21162
21162 21164 21163
21163 21164 21165
21164 21162 21166
21166 21162 21161
21167 21163 21165
21167 21168 21163
21165 21169 21167
21169 21170 21167
21171 21170 21169
21171 21172 21170
21167 21170 21172
21167 21172 21168
21172 21171 21173
21174 21173 21171
21173 21174 21175
21175 21176 21173
21173 21176 21177
21178 21175 21174
21178 21174 21171
21178 21171 21179
21179 21171 21169
21173 21180 21172
21180 21173 21181
21181 21182 21180
21182 21181 21183
21181 21184 21183
21183 21184 21185
21184 21181 21186
21173 21186 21181
21186 21187 21184
21187 21185 21184
21187 21186 21188
21188 21189 21187
21189 21188 21190
21191 21190 21188
21190 21191 21192
21193 21187 21189
21187 21193 21194
21185 21187 21194
21193 21189 21195
21190 21195 21189
21195 21190 21196
21192 21196 21190
21192 21197 21196
21197 21198 21196
21198 21197 21199
21200 21199 21197
21197 21192 21200
21192 21201 21200
21192 21202 21201
21199 21200 21203
21199 21203 21204
21205 21195 21196
21198 21205 21196
21199 21206 21198
21206 21199 21204
21206 21204 21207
21208 21202 21192
21209 21202 21208
21202 21209 21210
21201 21202 21210
21210 21211 21201
21211 21203 21200
21201 21211 21200
21212 21205 21198
21206 21213 21212
21213 21214 21212
21215 21206 21207
21216 21206 21215
21217 21206 21216
21206 21217 21218
21213 21206 21219
21214 21213 21220
21213 21221 21220
21213 21222 21221
21223 21214 21220
21224 21214 21223
21210 21225 21211
21211 21225 21226
21227 21211 21226
21226 21228 21227
21228 21229 21227
21229 21228 21230
21231 21229 21230
21232 21231 21230
21232 21230 21233
21234 21232 21233
21235 21234 21233
21234 21235 21236
21235 21237 21236
21236 21237 21238
21239 21236 21238
21238 21240 21239
21240 21241 21239
21242 21241 21240
21242 21240 21243
21244 21242 21243
21244 21245 21242
21246 21245 21244
21246 21244 21247
21248 21246 21247
21248 21247 21249
21248 21250 21246
21250 21248 21251
21251 21252 21250
21224 21245 21246
21245 21224 21223
21223 21242 21245
21242 21223 21220
21220 21241 21242
21241 21220 21221
21221 21239 21241
21239 21221 21222
21253 21252 21254
21253 21254 21255
21253 21256 21252
21254 21257 21255
21258 21255 21257
21258 21257 21259
21254 21259 21257
21260 21255 21258
21260 21258 21261
21260 21261 21262
21262 21261 21263
21264 21263 21261
21261 21258 21265
21266 21258 21259
21258 21266 21267
21268 21267 21266
21259 21268 21266
21267 21268 21269
21269 21268 21270
21269 21270 21271
21272 21270 21268
21273 21269 21271
21273 21274 21269
21275 21274 21273
21275 21273 21276
21275 21276 21277
21278 21275 21277
21278 21277 21279
21280 21278 21279
21281 21280 21279
21281 21279 21282
21283 21272 21268
21284 21272 21283
21284 21285 21272
21285 21284 21286
21287 21285 21286
21288 21287 21286
21288 21286 21289
21288 21289 21290
21288 21290 21291
21290 21292 21291
21290 21293 21292
21293 21294 21292
21293 21295 21294
21295 21296 21294
21296 21297 21294
21259 21284 21283
21268 21259 21283
21286 21298 21289
21298 21286 21299
21299 21252 21298
21298 21252 21300
21300 21289 21298
21289 21300 21290
21300 21252 21301
21301 21290 21300
21290 21301 21293
21301 21252 21302
21302 21293 21301
21293 21302 21295
21302 21252 21303
21302 21304 21295
21304 21302 21303
21305 21252 21214
21256 21214 21252
21256 21306 21307
21307 21306 21212
21308 21252 21309
21310 21308 21309
21308 21310 21311
21311 21312 21313
21311 21313 21314
21315 21212 21198
21316 21317 21318
21316 21318 21319
21318 21320 21319
21320 21318 21321
21317 21321 21318
21322 21320 21321
21323 21320 21322
21320 21323 21324
21130 21320 21324
21324 21323 21325
21326 21325 21323
21326 21323 21322
21326 21322 21321
21317 21326 21321
21320 21130 21133
21133 21327 21320
21328 21327 21133
21328 21133 21329
21328 21329 21139
21134 21329 21133
21134 21139 21329
21328 21139 21330
21139 21160 21330
21320 21327 21331
21327 21332 21331
21331 21332 21333
21334 21331 21333
21333 21335 21334
21335 21333 21336
21337 21335 21336
21335 21337 21338
21338 21339 21335
21339 21334 21335
21339 21338 21340
21341 21338 21337
21338 21341 21342
21342 21343 21338
21343 21342 21344
21345 21344 21342
21344 21345 21346
21347 21342 21341
21342 21347 21345
21346 21348 21344
21344 21348 21349
21341 21350 21347
21350 21341 21351
21350 21352 21347
21352 21345 21347
21353 21341 21337
21341 21353 21354
21345 21352 21355
21346 21345 21355
21346 21355 21356
21346 21356 21357
21353 21337 21358
21336 21358 21337
21359 21356 21355
21359 21355 21360
21355 21352 21360
21361 21359 21360
21356 21359 21362
21362 21357 21356
21359 21363 21362
21363 21364 21362
21357 21362 21365
21364 21365 21362
21363 21361 21366
21361 21263 21366
21263 21367 21366
21367 21263 21368
21368 21263 21369
21366 21370 21363
21364 21363 21371
21371 21363 21372
21372 21363 21373
21363 21374 21373
21374 21363 21375
21376 21366 21367
21366 21376 21377
21371 21378 21364
21365 21364 21378
21365 21378 21379
21378 21380 21379
21381 21380 21378
21381 21378 21382
21378 21371 21382
21372 21382 21371
21383 21381 21382
21382 21372 21383
21383 21384 21381
21384 21383 21385
21385 21372 21373
21372 21385 21383
21374 21385 21373
21380 21386 21379
21379 21386 21387
21386 21388 21387
21389 21387 21388
21390 21384 21385
21385 21391 21390
21391 21392 21390
21393 21392 21391
21394 21393 21391
21394 21395 21393
21394 21396 21395
21395 21396 21397
21398 21395 21397
21399 21398 21397
21399 21397 21400
21401 21399 21400
21401 21402 21399
21403 21402 21401
21403 21404 21402
21391 21375 21394
21375 21391 21374
21385 21374 21391
21394 21376 21396
21376 21394 21377
21367 21396 21376
21396 21367 21397
21368 21397 21367
21397 21368 21400
21369 21400 21368
21400 21369 21401
21405 21403 21401
21403 21405 21406
21405 21261 21406
21407 21261 21408
21409 21261 21407
21410 21261 21409
21411 21261 21410
21408 21261 21412
21410 21413 21411
21413 21410 21280
21410 21278 21280
21278 21410 21409
21409 21275 21278
21275 21409 21407
21407 21274 21275
21274 21407 21408
21269 21408 21412
21408 21269 21274
21414 21261 21415
21415 21416 21414
21416 21415 21417
21417 21418 21419
21417 21419 21420
21421 21422 21339
21339 21423 21421
21423 21339 21424
21425 21423 21424
21426 21422 21421
21426 21421 21423
21426 21423 21427
21425 21427 21423
21428 21339 21422
21422 21429 21428
21428 21429 21430
21334 21339 21428
21430 21431 21428
21430 21429 21432
21432 21429 21422
21433 21432 21422
21426 21433 21422
21434 21430 21432
21430 21434 21435
21430 21435 21431
21436 21334 21428
21334 21436 21331
21434 21437 21435
21437 21438 21435
21439 21435 21438
21438 21437 21440
21439 21438 21441
21441 21438 21440
21441 21440 21442
21443 21441 21442
21439 21441 21443
21444 21439 21443
21444 21319 21439
21445 21444 21443
21445 21443 21446
21446 21443 21442
21444 21445 21447
21319 21444 21447
21316 21319 21447
21436 21448 21331
21339 21449 21450
21449 21339 21451
21339 21452 21451
21339 21453 21452
21339 21450 21424
21454 21424 21450
21455 21454 21450
21455 21450 21449
21455 21449 21456
21457 21455 21456
21458 21457 21456
21457 21458 21459
21458 21460 21459
21460 21461 21459
21460 21462 21461
21462 21460 21463
21463 21464 21462
21464 21463 21465
21465 21466 21464
21466 21465 21467
21468 21466 21467
21469 21468 21467
21468 21469 21470
21470 21469 21349
21470 21349 21471
21349 21469 21472
21349 21472 21344
21471 21349 21348
21471 21348 21473
21469 21467 21339
21339 21467 21474
21340 21469 21339
21339 21474 21475
21339 21475 21453
21473 21348 21476
21346 21476 21348
21346 21477 21476
21346 21478 21477
21346 21479 21478
21346 21480 21479
21346 21481 21480
21346 21482 21481
21483 21482 21346
21483 21389 21482
21479 21480 21484
21479 21484 21485
21478 21479 21485
21477 21478 21485
21477 21485 21486
21477 21486 21487
21476 21477 21487
21389 21488 21482
21481 21482 21488
21481 21488 21489
21480 21481 21489
21480 21489 21490
21480 21490 21484
21389 21483 21387
21483 21357 21387
21365 21387 21357
21387 21365 21379
21483 21346 21357
21473 21476 21487
21262 21491 21492
21491 21361 21492
21493 21359 21361
21173 21494 21495
21496 21173 21495
21495 21494 21497
21497 21498 21495
21499 21495 21498
21494 21500 21497
21499 21501 21495
21499 21191 21501
21191 21499 21502
21503 21502 21499
21503 21499 21498
21191 21502 21192
21502 21504 21192
21503 21505 21502
21505 21504 21502
21505 21506 21504
21507 21500 21494
21500 21507 21508
21509 21508 21507
21508 21509 21510
21511 21510 21509
21510 21511 21512
21513 21512 21511
21513 21511 21514
21514 21515 21513
21515 21514 21516
21516 21517 21515
21516 21518 21517
21517 21518 21177
21173 21177 21518
21518 21519 21173
21519 21520 21173
21520 21521 21173
21521 21522 21173
21522 21523 21173
21523 21494 21173
21517 21177 21524
21177 21176 21524
21176 21525 21524
21525 21176 21175
21525 21175 21526
21178 21526 21175
21186 21173 21527
21527 21188 21186
21188 21527 21191
21528 21529 21192
21530 21528 21192
21531 21528 21530
21531 21530 21532
21532 21530 21192
21504 21532 21192
21506 21532 21504
21529 21208 21192
21533 21208 21529
21506 21534 21532
21534 21531 21532
21531 21535 21528
21535 21529 21528
21535 21536 21529
21536 21533 21529
21533 21209 21208
21537 21538 21539
21539 21180 21537
21180 21182 21537
21182 21540 21537
21537 21540 21330
21142 21537 21330
21180 21539 21172
21194 21541 21185
21128 21324 21325
21128 21130 21324
21542 21254 21252
21543 21254 21544
21544 21284 21543
21284 21259 21543
21254 21543 21259
21284 21544 21286
21545 21546 21159
21158 21545 21159
21546 21161 21159
21546 21166 21161
21435 21547 21431
21168 21548 21163
21454 21425 21424
21549 21550 21551
21552 21551 21550
21551 21552 21553
21553 21554 21551
21549 21551 21554
21554 21553 21555
21555 21553 21556
21557 21553 21552
21556 21553 21557
21557 21558 21556
21557 21559 21558
21558 21559 21560
21561 21559 21557
21557 21552 21561
21561 21562 21559
21563 21559 21562
21560 21559 21563
21563 21562 21564
21563 21565 21560
21563 21566 21565
21564 21566 21563
21564 21567 21566
21568 21566 21567
21566 21568 21569
21569 21565 21566
21565 21569 21570
21571 21570 21569
21570 21571 21572
21573 21572 21571
21572 21573 21574
21569 21575 21571
21575 21569 21568
21571 21576 21573
21576 21571 21575
21577 21573 21576
21573 21577 21578
21578 21574 21573
21579 21578 21577
21578 21579 21580
21581 21580 21579
21580 21581 21582
21583 21582 21581
21582 21583 21584
21583 21585 21584
21584 21586 21582
21586 21584 21587
21584 21585 21587
21582 21586 21588
21580 21582 21588
21589 21578 21580
21589 21580 21588
21578 21589 21590
21574 21578 21590
21577 21591 21579
21577 21592 21591
21579 21593 21581
21579 21594 21593
21593 21595 21581
21595 21583 21581
21586 21596 21588
21596 21589 21588
21597 21589 21596
21589 21597 21598
21597 21599 21598
21600 21601 21592
21592 21577 21600
21602 21603 21594
21594 21579 21602
21604 21605 21606
21607 21604 21606
21607 21606 21608
21607 21608 21609
21610 21607 21609
21610 21609 21611
21610 21611 21612
21613 21610 21612
21613 21612 21614
21604 21615 21605
21616 21615 21604
21616 21617 21615
21616 21618 21617
21619 21613 21614
21620 21619 21614
21621 21619 21620
21619 21621 21622
21613 21619 21623
21619 21622 21623
21624 21625 21626
21626 21625 21627
21628 21626 21627
21625 21629 21627
21630 21627 21629
21629 21631 21630
21631 21629 21632
21633 21632 21629
21629 21625 21633
21632 21633 21634
21634 21635 21632
21636 21635 21634
21635 21636 21637
21638 21637 21636
21639 21631 21632
21639 21640 21631
21635 21641 21632
21641 21639 21632
21640 21642 21631
21642 21643 21631
21643 21630 21631
21630 21643 21644
21644 21645 21630
21645 21644 21646
21645 21646 21647
21647 21646 21648
21648 21646 21649
21650 21649 21646
21647 21651 21645
21650 21646 21652
21651 21653 21645
21653 21654 21645
21645 21654 21627
21654 21655 21627
21656 21627 21655
21627 21630 21645
21656 21628 21627
21644 21657 21646
21657 21658 21646
21658 21659 21646
21659 21660 21646
21661 21646 21660
21661 21652 21646
21658 21657 21662
21662 21657 21663
21663 21657 21664
21657 21665 21664
21664 21665 21666
21667 21666 21665
21668 21665 21657
21657 21644 21668
21643 21668 21644
21668 21643 21669
21642 21669 21643
21669 21670 21668
21665 21668 21670
21670 21669 21671
21671 21672 21670
21672 21671 21673
21673 21671 21674
21674 21675 21673
21675 21674 21676
21677 21675 21676
21678 21671 21669
21678 21669 21679
21679 21669 21642
21674 21671 21680
21680 21671 21678
21681 21670 21672
21670 21681 21665
21682 21665 21681
21683 21682 21681
21684 21665 21682
21683 21681 21685
21686 21685 21681
21687 21685 21686
21688 21687 21686
21667 21665 21684
21689 21625 21690
21691 21689 21690
21692 21689 21691
21624 21690 21625
21218 21236 21239
21236 21218 21217
21217 21234 21236
21234 21217 21216
21215 21234 21216
21234 21215 21232
21215 21231 21232
21231 21215 21207
21207 21229 21231
21229 21207 21204
21204 21203 21229
21203 21227 21229
21203 21211 21227
21693 21694 21695
21694 21693 21696
21697 21695 21694
21695 21697 21698
21698 21697 21699
21697 21700 21699
21699 21700 21701
21699 21701 21702
21702 21701 21703
21702 21703 21704
21705 21704 21703
21704 21705 21706
21707 21706 21705
21706 21707 21708
21708 21707 21709
21708 21709 21710
21709 21711 21710
21711 21712 21710
21713 21712 21711
21712 21713 21714
21715 21714 21713
21714 21715 21716
21717 21716 21715
21716 21717 21718
21718 21717 21719
21717 21720 21719
21719 21720 21721
21720 21722 21721
21723 21721 21722
21721 21723 21724
21725 21724 21723
21724 21725 21726
21727 21726 21725
21726 21727 21728
21729 21728 21727
21728 21729 21730
21731 21732 21733
21734 21731 21733
21735 21736 21737
21736 21735 21738
21739 21736 21738
21736 21739 21740
21741 21740 21739
21740 21741 21742
21743 21742 21741
21742 21743 21744
21745 21744 21743
21743 21746 21745
21746 21743 21747
21741 21747 21743
21747 21741 21748
21739 21748 21741
21748 21739 21749
21739 21738 21750
21749 21739 21750
21751 21738 21735
21738 21751 21750
21747 21752 21746
21752 21747 21753
21748 21753 21747
21753 21748 21754
21749 21754 21748
21754 21749 21755
21750 21755 21749
21755 21750 21756
21757 21750 21751
21750 21757 21756
21745 21758 21744
21758 21759 21744
21760 21744 21759
21744 21760 21742
21761 21742 21760
21742 21761 21740
21762 21740 21761
21740 21762 21736
21763 21736 21762
21736 21763 21737
21758 21764 21759
21764 21758 21765
21765 21766 21764
21767 21764 21766
21764 21767 21768
21759 21768 21760
21768 21759 21764
21769 21768 21767
21768 21769 21770
21760 21770 21761
21770 21760 21768
21771 21770 21769
21770 21771 21772
21772 21761 21770
21761 21772 21762
21766 21765 21773
21772 21774 21762
21774 21763 21762
21774 21772 21775
21771 21775 21772
21771 21776 21775
21771 21777 21776
21777 21771 21778
21769 21778 21771
21779 21777 21778
21777 21779 21780
21781 21780 21779
21779 21782 21781
21782 21779 21783
21784 21782 21783
21782 21784 21785
21786 21785 21784
21785 21786 21787
21788 21787 21786
21787 21788 21789
21780 21781 21790
21789 21791 21787
21785 21787 21791
21791 21789 21792
21793 21791 21792
21794 21791 21793
21791 21794 21795
21791 21795 21785
21795 21781 21782
21782 21785 21795
21796 21795 21794
21795 21796 21797
21798 21797 21796
21797 21798 21799
21799 21790 21797
21793 21792 21800
21798 21801 21799
21801 21798 21802
21802 21803 21801
21803 21802 21804
21804 21805 21803
21790 21799 21806
21801 21807 21799
21799 21807 21806
21807 21808 21806
21808 21807 21809
21810 21809 21807
21807 21801 21810
21803 21810 21801
21809 21810 21811
21810 21812 21811
21812 21810 21813
21810 21803 21813
21805 21813 21803
21814 21812 21813
21813 21805 21814
21812 21814 21815
21816 21812 21815
21812 21816 21817
21817 21811 21812
21811 21817 21818
21818 21809 21811
21809 21818 21819
21820 21809 21819
21809 21820 21808
21816 21821 21817
21821 21816 21822
21822 21823 21821
21823 21822 21824
21825 21821 21823
21821 21825 21826
21826 21817 21821
21817 21826 21818
21827 21826 21825
21826 21827 21828
21828 21818 21826
21818 21828 21819
21829 21828 21827
21828 21829 21830
21830 21819 21828
21819 21830 21820
21831 21830 21829
21829 21832 21831
21833 21831 21832
21831 21833 21775
21775 21833 21774
21832 21829 21834
21827 21834 21829
21830 21831 21776
21776 21831 21775
21776 21820 21830
21820 21776 21777
21777 21808 21820
21808 21777 21780
21780 21806 21808
21806 21780 21790
21833 21763 21774
21763 21833 21835
21832 21835 21833
21835 21737 21763
21737 21835 21836
21837 21836 21835
21836 21837 21838
21838 21839 21836
21839 21838 21840
21735 21836 21839
21836 21735 21737
21841 21840 21838
21840 21841 21842
21843 21842 21841
21842 21843 21844
21845 21844 21843
21844 21845 21846
21847 21846 21845
21846 21847 21848
21849 21848 21847
21848 21849 21850
21847 21851 21849
21851 21847 21852
21845 21852 21847
21852 21845 21853
21843 21853 21845
21853 21843 21854
21841 21854 21843
21854 21841 21855
21838 21855 21841
21855 21838 21837
21856 21849 21851
21849 21856 21857
21857 21850 21849
21858 21857 21856
21857 21858 21859
21859 21860 21857
21850 21857 21860
21860 21859 21861
21860 21861 21862
21862 21850 21860
21837 21834 21855
21834 21837 21832
21835 21832 21837
21855 21863 21854
21863 21855 21834
21834 21827 21863
21825 21863 21827
21863 21825 21864
21823 21864 21825
21864 21823 21865
21824 21865 21823
21865 21824 21866
21867 21866 21824
21866 21867 21868
21824 21869 21867
21869 21824 21822
21822 21870 21869
21870 21822 21816
21871 21868 21867
21868 21871 21872
21867 21873 21871
21873 21867 21869
21869 21874 21873
21874 21869 21870
21815 21870 21816
21815 21875 21870
21875 21874 21870
21815 21876 21875
21876 21815 21814
21814 21877 21876
21877 21814 21805
21878 21877 21805
21879 21878 21805
21804 21879 21805
21856 21872 21858
21872 21856 21868
21851 21868 21856
21868 21851 21866
21852 21866 21851
21866 21852 21865
21853 21865 21852
21865 21853 21864
21854 21864 21853
21864 21854 21863
21880 21881 21882
21881 21880 21883
21884 21883 21880
21883 21884 21885
21886 21885 21884
21800 21882 21881
21882 21800 21887
21792 21887 21800
21886 21884 21888
21880 21888 21884
21888 21880 21889
21882 21889 21880
21889 21882 21890
21887 21890 21882
21889 21890 21891
21891 21890 21892
21890 21893 21892
21893 21894 21892
21895 21894 21893
21894 21895 21896
21893 21890 21897
21895 21897 21792
21895 21893 21897
21890 21887 21897
21792 21897 21887
21895 21792 21898
21898 21896 21895
21792 21789 21898
21789 21899 21898
21896 21898 21899
21899 21900 21896
21901 21900 21899
21900 21901 21902
21902 21903 21900
21903 21896 21900
21896 21903 21894
21903 21902 21904
21905 21903 21904
21903 21905 21906
21906 21894 21903
21894 21906 21892
21907 21892 21906
21892 21907 21908
21908 21907 21909
21910 21908 21909
21908 21910 21911
21912 21911 21910
21911 21912 21913
21913 21914 21911
21908 21911 21914
21914 21913 21915
21908 21914 21889
21916 21906 21905
21906 21916 21907
21916 21909 21907
21909 21916 21917
21917 21916 21918
21918 21916 21919
21920 21918 21919
21918 21920 21921
21921 21920 21922
21922 21923 21921
21924 21921 21923
21921 21924 21925
21925 21918 21921
21925 21917 21918
21926 21925 21924
21925 21926 21927
21927 21917 21925
21928 21927 21926
21927 21928 21929
21923 21922 21930
21931 21930 21922
21930 21931 21932
21933 21932 21931
21932 21933 21934
21935 21934 21933
21934 21935 21936
21937 21936 21935
21936 21937 21938
21926 21939 21928
21939 21926 21940
21924 21940 21926
21940 21924 21941
21923 21941 21924
21941 21923 21942
21930 21942 21923
21942 21930 21943
21932 21943 21930
21943 21932 21944
21934 21944 21932
21944 21934 21945
21936 21945 21934
21945 21936 21946
21938 21946 21936
21946 21938 21947
21935 21948 21937
21948 21935 21949
21949 21950 21948
21950 21949 21951
21952 21950 21951
21950 21952 21953
21954 21952 21951
21952 21954 21955
21956 21955 21954
21954 21957 21956
21920 21956 21957
21957 21922 21920
21922 21957 21931
21958 21931 21957
21957 21954 21958
21958 21951 21949
21951 21958 21954
21949 21933 21958
21931 21958 21933
21933 21949 21935
21956 21920 21919
21902 21953 21952
21955 21902 21952
21953 21902 21901
21902 21955 21904
21955 21905 21904
21905 21955 21956
21919 21905 21956
21905 21919 21916
21959 21953 21901
21953 21959 21773
21960 21773 21959
21959 21786 21960
21784 21960 21786
21960 21784 21961
21783 21961 21784
21961 21783 21962
21779 21962 21783
21962 21779 21778
21786 21959 21788
21901 21788 21959
21778 21769 21962
21767 21962 21769
21962 21767 21961
21961 21766 21960
21766 21961 21767
21773 21960 21766
21773 21950 21953
21950 21773 21765
21765 21948 21950
21948 21765 21758
21758 21937 21948
21937 21758 21745
21745 21938 21937
21938 21745 21746
21746 21947 21938
21947 21746 21752
21788 21901 21899
21899 21789 21788
21963 21964 21965
21964 21963 21966
21966 21967 21964
21967 21966 21968
21757 21964 21967
21964 21757 21751
21751 21965 21964
21965 21751 21735
21969 21968 21966
21968 21969 21970
21971 21970 21969
21969 21972 21971
21972 21969 21973
21966 21973 21969
21973 21966 21963
21974 21971 21972
21971 21974 21975
21976 21975 21974
21975 21976 21977
21970 21971 21978
21975 21978 21971
21978 21975 21979
21977 21979 21975
21979 21977 21980
21981 21980 21977
21977 21976 21981
21976 21982 21981
21980 21981 21983
21973 21844 21972
21844 21973 21842
21963 21842 21973
21842 21963 21840
21965 21840 21963
21840 21965 21839
21839 21965 21735
21976 21850 21982
21850 21976 21848
21850 21862 21982
21846 21972 21844
21972 21846 21974
21848 21974 21846
21974 21848 21976
21917 21927 21984
21929 21984 21927
21984 21929 21985
21984 21909 21917
21909 21984 21910
21985 21910 21984
21910 21985 21912
21795 21797 21781
21790 21781 21797
21915 21888 21914
21888 21915 21886
21889 21914 21888
21908 21889 21891
21908 21891 21892
21986 21987 21988
21989 21986 21988
21987 21990 21988
21987 21991 21990
21989 21992 21986
21993 21986 21992
21993 21992 21994
21994 21992 21995
21992 21996 21995
21989 21996 21992
21996 21997 21995
21997 21996 21998
21998 21999 21997
21999 21998 22000
22001 21997 21999
21997 22001 22002
22002 21995 21997
22003 22002 22001
22002 22003 22004
22005 22000 21998
22000 22005 22006
21995 22007 21994
21995 22002 22007
22004 22007 22002
22007 22004 22008
22009 22008 22004
22008 22009 22010
22009 22011 22010
22009 22012 22011
22013 22011 22012
22011 22013 22014
22012 22009 22015
22004 22015 22009
22015 22004 22003
22014 22013 22016
22014 22016 22017
22017 22016 22018
22019 22017 22018
22016 22020 22018
22018 22020 22021
22020 22022 22021
22022 22020 22023
22023 22020 22024
22019 22018 22025
22026 22019 22025
22019 22026 22027
22016 22013 22028
22020 22016 22028
22024 22020 22028
22029 22028 22013
22030 22029 22013
22029 22030 22031
22032 22031 22030
22031 22032 22033
22034 22033 22032
22033 22034 22035
22036 22035 22034
22035 22036 22037
22012 22030 22013
22015 22030 22012
22030 22015 22032
22003 22032 22015
22032 22003 22034
22034 22001 22036
22001 22034 22003
21999 22036 22001
22036 21999 22038
22038 22039 22036
22040 22039 22038
22039 22040 22041
22042 22041 22040
22041 22042 22043
22044 22043 22042
22043 22044 22045
22046 22043 22045
22046 22045 22047
22000 22038 21999
22038 22000 22040
22006 22040 22000
22040 22006 22042
22042 22048 22044
22048 22042 22006
22006 22049 22048
22049 22006 22005
22005 22050 22049
22050 22005 22051
22051 22052 22050
22052 22051 21989
21996 21989 22051
22051 21998 21996
21998 22051 22005
21989 21988 22052
22053 22054 22055
22054 22056 22055
22055 22056 22057
22056 22058 22057
22059 22057 22058
22057 22059 22060
22027 22060 22059
22060 22027 22026
22055 22057 22061
22057 22062 22061
22060 22062 22057
22026 22062 22060
22062 22026 22063
22025 22063 22026
22063 22025 22064
22065 22063 22064
22021 22065 22064
22064 22018 22021
22064 22025 22018
22065 22021 22022
22011 22066 22067
22011 22014 22066
22014 22068 22066
22068 22014 22017
22011 22067 22010
22010 22069 22008
22007 22008 22069
22069 22070 22007
22007 22070 21994
22071 22072 22073
22074 22072 22071
22073 22072 22075
22073 22075 22076
22074 22071 22077
22078 22077 22071
22078 22079 22077
22079 22080 22077
22077 22080 22081
22081 22074 22077
22080 22079 22082
22082 22079 22083
22084 22082 22083
22074 22081 22085
22085 22086 22074
22074 22086 22072
22086 22085 22087
22082 22084 22088
22089 22088 22084
22090 22082 22088
22082 22090 22091
22091 22080 22082
22080 22091 22092
22092 22081 22080
22081 22092 22093
22093 22085 22081
22085 22093 22094
22094 22087 22085
22087 22094 22095
22096 22095 22094
22095 22096 22097
22098 22097 22096
22096 22099 22098
22099 22096 22100
22100 22094 22093
22094 22100 22096
22100 22101 22099
22101 22100 22102
22102 22093 22092
22093 22102 22100
22102 22103 22101
22103 22102 22104
22092 22104 22102
22104 22092 22091
22104 22105 22103
22105 22104 22106
22091 22106 22104
22106 22107 22105
22108 22105 22107
22105 22108 22109
22109 22103 22105
22107 22110 22108
22110 22107 22111
22112 22111 22107
22107 22106 22112
22090 22112 22106
22112 22090 22113
22111 22112 22114
22113 22114 22112
22115 22111 22114
22111 22116 22110
22116 22111 22115
22116 22115 22117
22118 22117 22115
22119 22117 22118
22118 22120 22119
22121 22120 22118
22122 22120 22121
22123 22121 22118
22123 22118 22115
22124 22117 22119
22125 22124 22119
22126 22121 22123
22123 22127 22126
22128 22127 22123
22115 22128 22123
22128 22115 22114
22114 22113 22128
22128 22129 22127
22128 22089 22129
22113 22089 22128
22113 22088 22089
22088 22113 22090
22119 22130 22125
22130 22119 22131
22131 22132 22130
22132 22131 22133
22134 22132 22133
22135 22134 22133
22134 22135 22136
22136 22137 22134
22137 22136 22138
22139 22137 22138
22140 22137 22139
22141 22140 22139
22141 22139 22142
22143 22141 22142
22144 22141 22143
22142 22139 22145
22146 22139 22138
22139 22146 22145
22138 22147 22146
22147 22138 22136
22122 22136 22135
22136 22122 22147
22122 22135 22120
22120 22135 22133
22120 22133 22131
22119 22120 22131
22148 22149 22150
22148 22151 22149
22152 22150 22149
22150 22152 22098
22097 22098 22152
22098 22153 22150
22153 22098 22099
22099 22154 22153
22154 22099 22101
22101 22103 22154
22103 22109 22155
22106 22091 22090
22156 22157 22158
22157 22156 22159
22160 22159 22156
22159 22160 22161
22161 22160 22162
22159 22161 22163
22164 22157 22159
22164 22165 22157
22164 22159 22166
22159 22163 22166
22162 22167 22161
22167 22162 22168
22169 22168 22162
22168 22169 22170
22163 22171 22166
22171 22164 22166
22171 22163 22172
22161 22172 22163
22172 22161 22167
22162 22173 22169
22173 22162 22160
22156 22173 22160
22173 22156 22174
22158 22174 22156
22174 22158 22175
22175 22176 22174
22176 22175 22177
22177 22178 22176
22178 22177 22179
22180 22176 22178
22176 22180 22181
22181 22174 22176
22174 22181 22173
22181 22169 22173
22182 22181 22180
22181 22182 22183
22178 22184 22180
22178 22185 22184
22179 22185 22178
22185 22186 22184
22187 22185 22179
22186 22185 22188
22187 22188 22185
22187 22189 22188
22189 22187 22190
22180 22184 22191
22180 22191 22192
22180 22192 22182
22182 22192 22193
22194 22182 22193
22182 22194 22195
22195 22196 22182
22196 22183 22182
22197 22195 22194
22195 22197 22198
22198 22196 22195
22196 22198 22199
22199 22200 22196
22200 22199 22201
22170 22200 22201
22200 22170 22169
22200 22169 22183
22196 22200 22183
22169 22181 22183
22202 22203 22204
22203 22202 22205
22206 22205 22202
22205 22206 22207
22208 22207 22206
22207 22208 22209
22210 22209 22208
22209 22210 22211
22212 22211 22210
22211 22212 22213
22214 22213 22212
22213 22214 22215
22204 22216 22202
22216 22204 22217
22218 22216 22217
22216 22218 22219
22220 22219 22218
22219 22220 22221
22216 22219 22222
22219 22223 22222
22223 22219 22224
22221 22224 22219
22224 22225 22223
22225 22224 22226
22227 22225 22226
22225 22227 22228
22229 22221 22220
22221 22229 22230
22231 22230 22229
22230 22231 22232
22233 22232 22231
22232 22233 22234
22230 22232 22235
22232 22234 22235
22236 22235 22234
22236 22237 22235
22237 22230 22235
22237 22236 22238
22238 22226 22237
22226 22238 22227
22230 22237 22239
22239 22226 22224
22226 22239 22237
22221 22230 22239
22240 22234 22233
22236 22234 22240
22241 22238 22236
22236 22240 22241
22238 22241 22242
22224 22221 22239
22242 22227 22238
22227 22242 22243
22243 22228 22227
22228 22243 22244
22240 22245 22241
22244 22212 22228
22210 22228 22212
22228 22210 22225
22208 22225 22210
22225 22208 22223
22206 22223 22208
22223 22206 22222
22202 22222 22206
22222 22202 22216
22212 22244 22214
22246 22247 22248
22248 22247 22249
22249 22247 22250
22248 22249 22251
22248 22251 22252
22248 22252 22253
22248 22253 22254
22248 22254 22246
22249 22250 22255
22249 22255 22256
22256 22255 22257
22258 22256 22257
22259 22256 22258
22256 22259 22260
22261 22256 22260
22256 22213 22249
22213 22256 22211
22211 22256 22261
22209 22211 22261
22249 22215 22251
22215 22249 22213
22209 22261 22262
22263 22209 22262
22209 22263 22207
22264 22207 22263
22207 22264 22205
22265 22205 22264
22205 22265 22203
22266 22267 22268
22267 22266 22269
22270 22266 22268
22266 22270 22271
22270 22272 22271
22272 22270 22273
22266 22271 22274
22275 22271 22272
22271 22275 22274
22276 22275 22272
22273 22276 22272
22275 22276 22277
22266 22278 22269
22278 22266 22279
22279 22266 22274
22280 22274 22275
22277 22280 22275
22274 22280 22281
22279 22274 22281
22282 22281 22280
22283 22282 22280
22280 22277 22283
22282 22283 22284
22281 22282 22285
22285 22279 22281
22286 22285 22282
22285 22286 22287
22279 22288 22278
22288 22279 22289
22287 22289 22285
22285 22289 22279
22287 22290 22289
22290 22287 22291
22292 22289 22290
22289 22292 22288
22293 22278 22288
22292 22293 22288
22278 22293 22294
22295 22294 22293
22295 22296 22294
22297 22296 22295
22294 22296 22298
22293 22299 22295
22299 22297 22295
22299 22293 22300
22293 22292 22300
22297 22301 22296
22302 22298 22296
22296 22301 22302
22298 22302 22303
22303 22269 22298
22269 22294 22298
22269 22303 22267
22294 22269 22278
22287 22304 22291
22304 22287 22286
22286 22305 22304
22305 22286 22306
22282 22306 22286
22306 22282 22284
22306 22307 22305
22307 22306 22308
22284 22308 22306
22308 22309 22307
22309 22308 22310
22311 22309 22310
22310 22312 22311
22310 22313 22312
22313 22314 22312
22313 22315 22314
22316 22314 22315
22315 22313 22317
22310 22317 22313
22317 22310 22308
22308 22284 22317
22309 22311 22318
22315 22319 22316
22319 22315 22320
22319 22320 22321
22321 22320 22322
22322 22320 22323
22323 22320 22324
22325 22324 22320
22325 22320 22326
22317 22283 22315
22283 22317 22284
22277 22315 22283
22315 22277 22320
22276 22320 22277
22320 22276 22326
22276 22327 22326
22327 22276 22328
22276 22273 22328
22329 22330 22331
22332 22330 22329
22331 22330 22333
22333 22330 22334
22333 22335 22331
22336 22335 22333
22335 22336 22337
22338 22336 22333
22338 22333 22339
22339 22333 22340
22338 22339 22341
22341 22342 22338
22338 22343 22336
22344 22343 22338
22345 22343 22344
22346 22344 22338
22342 22346 22338
22347 22336 22343
22337 22336 22347
22347 22343 22348
22349 22348 22343
22350 22348 22349
22351 22349 22343
22351 22343 22352
22352 22343 22353
22354 22345 22353
22350 22355 22348
22355 22350 22356
22356 22357 22355
22357 22356 22358
22358 22359 22357
22359 22358 22360
22361 22357 22359
22357 22361 22362
22362 22355 22357
22363 22362 22361
22362 22363 22364
22365 22359 22360
22359 22365 22366
22365 22367 22366
22366 22367 22368
22368 22369 22366
22359 22369 22361
22369 22359 22366
22369 22368 22370
22370 22368 22371
22367 22372 22368
22368 22372 22373
22368 22373 22371
22372 22374 22373
22373 22374 22375
22371 22373 22375
22376 22375 22374
22375 22376 22377
22369 22370 22378
22378 22361 22369
22361 22378 22363
22333 22379 22380
22379 22333 22334
22340 22333 22380
22381 22382 22329
22382 22383 22329
22383 22332 22329
22355 22362 22384
22364 22384 22362
22384 22364 22385
22384 22348 22355
22348 22384 22347
22385 22347 22384
22347 22385 22337
22386 22387 22388
22389 22387 22386
22390 22391 22392
22391 22390 22393
22392 22394 22390
22394 22392 22395
22395 22396 22394
22396 22395 22397
22397 22398 22396
22398 22397 22399
22399 22400 22398
22400 22399 22401
22401 22402 22400
22402 22401 22403
22404 22393 22390
22393 22404 22405
22404 22406 22405
22406 22404 22407
22407 22408 22406
22408 22407 22409
22404 22410 22407
22411 22407 22410
22407 22411 22412
22412 22409 22407
22413 22412 22411
22412 22413 22414
22415 22414 22413
22414 22415 22416
22409 22417 22408
22417 22409 22418
22418 22419 22417
22419 22418 22420
22420 22421 22419
22421 22420 22422
22418 22423 22420
22420 22423 22422
22424 22422 22423
22423 22425 22424
22425 22423 22426
22418 22426 22423
22426 22416 22425
22416 22426 22414
22426 22418 22427
22427 22414 22426
22414 22427 22412
22409 22427 22418
22428 22421 22422
22424 22428 22422
22425 22429 22424
22424 22429 22428
22429 22425 22430
22416 22430 22425
22409 22412 22427
22428 22429 22431
22430 22416 22432
22415 22432 22416
22432 22415 22433
22400 22433 22415
22415 22398 22400
22398 22415 22413
22413 22396 22398
22396 22413 22411
22411 22394 22396
22394 22411 22410
22410 22390 22394
22390 22410 22404
22433 22400 22402
22434 22435 22436
22435 22437 22436
22437 22438 22436
22435 22439 22437
22435 22440 22439
22435 22441 22440
22435 22442 22441
22435 22434 22442
22437 22443 22438
22437 22444 22443
22444 22445 22443
22446 22445 22444
22447 22446 22444
22444 22448 22447
22449 22448 22444
22401 22444 22437
22444 22401 22399
22399 22449 22444
22397 22449 22399
22437 22403 22401
22403 22437 22439
22397 22450 22449
22397 22451 22450
22451 22397 22395
22395 22452 22451
22452 22395 22392
22392 22453 22452
22453 22392 22391
22454 22455 22456
22455 22454 22457
22454 22458 22457
22458 22454 22459
22460 22458 22459
22458 22460 22461
22454 22462 22459
22459 22463 22460
22463 22459 22462
22463 22464 22460
22464 22461 22460
22464 22463 22465
22466 22454 22456
22454 22466 22467
22467 22462 22454
22462 22468 22463
22468 22465 22463
22468 22462 22469
22467 22469 22462
22469 22470 22468
22470 22471 22468
22465 22468 22471
22471 22470 22472
22470 22469 22473
22473 22469 22467
22473 22474 22470
22474 22473 22475
22476 22467 22466
22467 22476 22477
22475 22473 22477
22473 22467 22477
22478 22475 22477
22475 22478 22479
22477 22480 22478
22480 22477 22476
22466 22481 22476
22481 22480 22476
22481 22466 22482
22483 22481 22482
22483 22482 22484
22485 22483 22484
22482 22486 22484
22487 22481 22483
22487 22483 22485
22481 22487 22488
22480 22481 22488
22485 22484 22489
22486 22490 22484
22484 22490 22489
22490 22486 22491
22456 22491 22486
22482 22456 22486
22491 22456 22455
22456 22482 22466
22492 22475 22479
22475 22492 22474
22493 22474 22492
22474 22493 22494
22494 22470 22474
22470 22494 22472
22495 22494 22493
22494 22495 22496
22496 22472 22494
22497 22496 22495
22496 22497 22498
22497 22499 22498
22498 22499 22500
22498 22500 22501
22501 22500 22502
22503 22501 22502
22504 22503 22502
22501 22503 22505
22505 22498 22501
22498 22505 22496
22472 22496 22505
22499 22497 22506
22503 22504 22507
22507 22508 22503
22507 22509 22508
22509 22510 22508
22510 22511 22508
22511 22512 22508
22513 22508 22512
22513 22514 22508
22471 22505 22503
22505 22471 22472
22465 22503 22508
22503 22465 22471
22508 22464 22465
22464 22508 22514
22515 22464 22514
22464 22515 22516
22461 22464 22516
22517 22518 22519
22520 22517 22519
22518 22521 22519
22521 22522 22519
22521 22518 22523
22524 22521 22523
22523 22525 22524
22526 22521 22524
22526 22527 22521
22527 22528 22521
22526 22529 22527
22529 22526 22530
22526 22524 22531
22532 22526 22531
22533 22532 22531
22534 22526 22532
22530 22526 22534
22535 22531 22524
22525 22535 22524
22535 22536 22531
22537 22531 22536
22538 22537 22536
22539 22531 22537
22539 22540 22531
22540 22541 22531
22542 22541 22533
22543 22538 22536
22538 22543 22544
22545 22544 22543
22544 22545 22546
22547 22546 22545
22546 22547 22548
22545 22549 22547
22549 22545 22550
22543 22550 22545
22550 22551 22549
22551 22550 22552
22547 22553 22548
22553 22547 22554
22553 22554 22555
22554 22556 22555
22556 22554 22557
22547 22557 22554
22557 22547 22549
22557 22558 22556
22558 22559 22556
22555 22556 22560
22556 22561 22560
22556 22559 22561
22560 22561 22562
22561 22563 22562
22559 22563 22561
22563 22564 22562
22564 22563 22565
22557 22566 22558
22549 22566 22557
22566 22549 22551
22521 22567 22568
22568 22522 22521
22528 22567 22521
22569 22517 22570
22570 22517 22571
22571 22517 22520
22550 22543 22572
22572 22552 22550
22552 22572 22573
22536 22572 22543
22572 22536 22535
22535 22573 22572
22573 22535 22525
22574 22575 22576
22575 22574 22577
22576 22578 22574
22578 22576 22579
22579 22580 22578
22578 22580 22581
22580 22582 22581
22580 22583 22582
22583 22584 22582
22583 22585 22584
22585 22586 22584
22586 22585 22587
22587 22588 22586
22588 22587 22589
22589 22590 22588
22589 22591 22590
22590 22591 22592
22592 22591 22593
22593 22594 22592
22594 22593 22595
22595 22596 22594
22596 22595 22597
22597 22598 22596
22598 22597 22599
22599 22600 22598
22598 22600 22601
22600 22602 22601
22601 22602 22603
22602 22604 22603
22604 22602 22605
22605 22606 22604
22606 22605 22607
22607 22608 22606
22608 22607 22609
22609 22610 22608
22610 22609 22611
22612 22613 22614
22613 22612 22615
22613 22616 22614
22616 22613 22617
22617 22618 22616
22618 22617 22619
22619 22620 22618
22620 22619 22621
22622 22620 22621
22623 22620 22622
22620 22623 22624
22624 22618 22620
22618 22624 22625
22625 22616 22618
22616 22625 22626
22626 22627 22616
22627 22614 22616
22614 22628 22612
22628 22614 22627
22629 22624 22623
22624 22629 22630
22630 22625 22624
22625 22630 22631
22631 22626 22625
22626 22631 22632
22632 22627 22626
22627 22632 22633
22627 22634 22628
22634 22627 22633
22622 22621 22635
22635 22621 22636
22637 22635 22636
22635 22637 22638
22639 22638 22637
22637 22640 22639
22640 22637 22641
22636 22641 22637
22641 22642 22640
22642 22641 22643
22643 22644 22642
22644 22643 22645
22638 22639 22646
22641 22636 22647
22647 22643 22641
22621 22647 22636
22647 22621 22619
22619 22648 22647
22643 22647 22648
22648 22645 22643
22648 22619 22617
22617 22649 22648
22645 22648 22649
22649 22617 22613
22613 22650 22649
22650 22613 22615
22651 22645 22649
22651 22649 22650
22645 22651 22652
22644 22645 22652
22644 22652 22653
22654 22644 22653
22644 22654 22655
22654 22656 22655
22656 22654 22657
22657 22658 22656
22659 22656 22658
22656 22659 22660
22659 22661 22660
22661 22659 22662
22662 22663 22661
22663 22662 22664
22664 22665 22663
22665 22664 22666
22658 22657 22667
22668 22666 22664
22662 22668 22664
22666 22668 22669
22670 22669 22668
22668 22671 22670
22671 22668 22672
22668 22662 22672
22672 22659 22658
22659 22672 22662
22672 22673 22671
22673 22672 22674
22674 22675 22673
22675 22674 22676
22667 22676 22674
22670 22677 22669
22678 22675 22676
22675 22678 22679
22680 22679 22678
22679 22680 22681
22681 22680 22682
22676 22667 22683
22684 22678 22676
22676 22683 22684
22685 22684 22683
22684 22685 22686
22686 22687 22684
22678 22684 22687
22687 22680 22678
22687 22686 22688
22689 22687 22688
22687 22689 22690
22680 22687 22690
22690 22682 22680
22689 22691 22690
22682 22690 22691
22691 22689 22692
22689 22693 22692
22693 22689 22694
22688 22694 22689
22694 22688 22695
22686 22695 22688
22695 22686 22696
22686 22697 22696
22697 22686 22685
22698 22693 22694
22693 22698 22699
22700 22699 22698
22699 22700 22701
22698 22702 22700
22702 22698 22703
22694 22703 22698
22703 22694 22695
22703 22704 22702
22704 22703 22705
22695 22705 22703
22705 22695 22696
22705 22706 22704
22706 22705 22707
22696 22707 22705
22707 22696 22697
22707 22708 22706
22709 22706 22708
22708 22710 22709
22710 22708 22652
22652 22651 22710
22706 22709 22711
22711 22704 22706
22708 22707 22653
22653 22652 22708
22697 22653 22707
22653 22697 22654
22685 22654 22697
22654 22685 22657
22683 22657 22685
22657 22683 22667
22650 22710 22651
22710 22650 22712
22712 22709 22710
22615 22712 22650
22712 22615 22713
22713 22714 22712
22714 22713 22715
22716 22715 22713
22715 22716 22717
22713 22612 22716
22612 22713 22615
22717 22718 22715
22718 22717 22719
22719 22720 22718
22720 22719 22721
22721 22722 22720
22722 22721 22723
22723 22724 22722
22724 22723 22725
22725 22726 22724
22726 22725 22727
22728 22724 22726
22724 22728 22729
22729 22722 22724
22722 22729 22730
22730 22720 22722
22720 22730 22731
22731 22718 22720
22718 22731 22732
22732 22715 22718
22715 22732 22714
22726 22733 22728
22733 22726 22734
22727 22734 22726
22734 22735 22733
22735 22734 22736
22737 22736 22734
22734 22727 22737
22736 22737 22738
22737 22739 22738
22727 22739 22737
22711 22714 22732
22714 22711 22709
22709 22712 22714
22732 22740 22711
22740 22732 22731
22704 22711 22740
22740 22702 22704
22702 22740 22741
22741 22700 22702
22700 22741 22742
22742 22701 22700
22701 22742 22743
22743 22744 22701
22744 22743 22745
22746 22701 22744
22701 22746 22699
22747 22699 22746
22699 22747 22693
22745 22748 22744
22748 22745 22749
22750 22744 22748
22744 22750 22746
22751 22746 22750
22746 22751 22747
22692 22693 22747
22692 22747 22752
22752 22747 22751
22753 22692 22752
22692 22753 22691
22754 22691 22753
22691 22754 22682
22755 22682 22754
22756 22682 22755
22681 22682 22756
22733 22749 22745
22745 22728 22733
22728 22745 22743
22743 22729 22728
22729 22743 22742
22742 22730 22729
22730 22742 22741
22741 22731 22730
22731 22741 22740
22749 22733 22735
22757 22758 22759
22758 22757 22760
22759 22761 22757
22761 22759 22762
22763 22761 22762
22760 22677 22758
22677 22760 22764
22669 22677 22764
22763 22765 22761
22765 22757 22761
22757 22765 22766
22766 22760 22757
22760 22766 22767
22767 22764 22760
22766 22768 22767
22768 22769 22767
22770 22767 22769
22770 22769 22771
22771 22772 22770
22772 22771 22773
22767 22770 22774
22772 22669 22774
22772 22774 22770
22764 22767 22774
22669 22764 22774
22772 22775 22669
22773 22775 22772
22669 22775 22666
22776 22666 22775
22775 22773 22776
22776 22773 22777
22777 22778 22776
22778 22777 22779
22780 22779 22777
22780 22773 22771
22773 22780 22777
22779 22780 22781
22780 22782 22781
22782 22780 22783
22783 22771 22769
22771 22783 22780
22769 22784 22783
22783 22785 22782
22785 22783 22784
22786 22785 22784
22787 22786 22784
22787 22788 22786
22788 22787 22789
22789 22790 22788
22790 22789 22791
22784 22769 22787
22792 22791 22789
22787 22792 22789
22791 22792 22793
22787 22766 22792
22785 22786 22794
22794 22795 22785
22795 22796 22785
22795 22797 22796
22797 22795 22798
22798 22799 22797
22800 22799 22798
22798 22801 22800
22801 22798 22802
22802 22798 22795
22802 22795 22794
22802 22803 22801
22803 22802 22804
22794 22804 22802
22804 22805 22803
22805 22804 22806
22799 22800 22807
22807 22808 22799
22808 22807 22809
22809 22810 22808
22810 22809 22811
22811 22812 22810
22812 22811 22813
22813 22814 22812
22814 22813 22815
22816 22803 22805
22803 22816 22817
22817 22801 22803
22801 22817 22818
22818 22800 22801
22800 22818 22819
22819 22807 22800
22807 22819 22820
22820 22809 22807
22809 22820 22821
22821 22811 22809
22811 22821 22822
22822 22813 22811
22813 22822 22823
22823 22815 22813
22815 22823 22824
22825 22812 22814
22812 22825 22826
22827 22826 22825
22826 22827 22828
22827 22829 22828
22829 22827 22830
22829 22831 22828
22831 22829 22832
22833 22831 22832
22834 22831 22833
22833 22797 22834
22799 22834 22797
22834 22799 22808
22808 22835 22834
22831 22834 22835
22835 22828 22831
22828 22835 22826
22810 22826 22835
22835 22808 22810
22826 22810 22812
22797 22833 22796
22830 22779 22829
22779 22832 22829
22779 22830 22778
22832 22779 22781
22782 22832 22781
22832 22782 22833
22782 22796 22833
22796 22782 22785
22830 22836 22778
22836 22830 22646
22646 22837 22836
22663 22836 22837
22837 22661 22663
22661 22837 22838
22838 22660 22661
22660 22838 22839
22839 22656 22660
22656 22839 22655
22836 22663 22665
22665 22778 22836
22642 22655 22839
22655 22642 22644
22839 22640 22642
22640 22839 22838
22838 22639 22640
22639 22838 22837
22837 22646 22639
22827 22646 22830
22646 22827 22638
22825 22638 22827
22638 22825 22635
22814 22635 22825
22635 22814 22622
22815 22622 22814
22622 22815 22623
22824 22623 22815
22623 22824 22629
22778 22665 22776
22666 22776 22665
22840 22841 22842
22841 22840 22843
22844 22842 22841
22842 22844 22845
22841 22634 22844
22634 22841 22628
22843 22628 22841
22628 22843 22612
22845 22846 22842
22846 22845 22847
22847 22848 22846
22849 22846 22848
22846 22849 22850
22842 22850 22840
22850 22842 22846
22848 22851 22849
22851 22848 22852
22852 22853 22851
22853 22852 22854
22848 22847 22855
22855 22852 22848
22852 22855 22856
22856 22854 22852
22854 22856 22857
22857 22858 22854
22854 22858 22853
22853 22858 22859
22858 22857 22860
22721 22850 22849
22850 22721 22719
22719 22840 22850
22840 22719 22717
22717 22843 22840
22843 22717 22716
22716 22612 22843
22727 22853 22859
22853 22727 22725
22739 22727 22859
22849 22723 22721
22723 22849 22851
22851 22725 22723
22725 22851 22853
22804 22794 22861
22861 22806 22804
22806 22861 22862
22786 22861 22794
22861 22786 22788
22788 22862 22861
22862 22788 22790
22672 22658 22674
22667 22674 22658
22765 22793 22792
22793 22765 22763
22766 22765 22792
22787 22768 22766
22787 22769 22768
22863 22864 22865
22864 22863 22866
22865 22867 22863
22867 22865 22868
22868 22869 22867
22865 22870 22868
22871 22865 22864
22871 22864 22872
22871 22873 22865
22865 22873 22870
22874 22869 22868
22869 22874 22875
22875 22876 22869
22876 22875 22877
22878 22870 22873
22878 22873 22871
22870 22878 22879
22879 22868 22870
22868 22879 22874
22869 22880 22867
22880 22869 22876
22880 22863 22867
22863 22880 22881
22881 22866 22863
22866 22881 22882
22883 22882 22881
22882 22883 22884
22885 22884 22883
22884 22885 22886
22883 22887 22885
22887 22883 22888
22881 22888 22883
22888 22881 22880
22876 22888 22880
22888 22889 22887
22889 22888 22890
22885 22887 22891
22885 22891 22892
22886 22885 22892
22892 22891 22893
22894 22886 22892
22893 22895 22892
22894 22892 22895
22894 22895 22896
22896 22897 22894
22887 22898 22891
22887 22899 22898
22887 22889 22899
22889 22900 22899
22889 22901 22900
22901 22889 22902
22902 22889 22903
22903 22889 22890
22902 22904 22901
22904 22902 22905
22903 22905 22902
22905 22903 22906
22907 22906 22903
22906 22907 22908
22907 22877 22908
22877 22907 22876
22907 22890 22876
22903 22890 22907
22888 22876 22890
