byte offset: 0
first index: 0
index count: 6258
topology: trianglelist
format: DXGI_FORMAT_R16_UINT

0 1 2
1 3 2
0 2 4
2 5 4
0 4 6
4 7 6
7 4 8
9 7 8
6 10 0
10 11 0
11 10 12
10 13 12
12 13 14
13 15 14
14 15 16
8 4 17
4 5 17
8 17 18
19 8 18
9 8 19
18 20 19
20 21 19
19 21 22
22 9 19
21 23 22
23 21 24
21 20 25
21 25 24
26 23 24
27 26 24
27 28 26
29 26 28
28 27 30
27 31 30
28 30 32
30 33 32
28 32 34
32 35 34
36 28 34
36 29 28
34 37 36
34 38 37
37 38 39
39 40 37
40 41 37
29 36 41
36 37 41
38 42 39
42 43 39
43 44 39
45 39 44
39 45 40
33 46 32
46 47 32
32 47 35
47 48 35
46 49 47
49 50 47
47 50 48
49 51 50
50 51 52
50 52 48
45 44 53
43 53 44
54 45 53
55 54 53
56 55 53
53 43 57
57 58 53
53 58 56
55 59 54
59 60 54
59 61 60
61 62 60
61 63 62
63 64 62
63 65 64
66 58 57
67 66 57
66 67 68
67 69 68
69 70 68
71 72 73
72 71 74
75 72 74
71 73 76
76 73 77
78 76 77
79 78 77
80 79 77
79 80 81
82 79 81
82 81 83
84 82 83
83 85 84
75 74 86
86 87 75
87 88 75
89 88 87
90 89 87
91 89 90
91 90 92
91 92 93
94 91 93
93 95 94
95 96 94
97 98 99
98 100 99
99 100 101
100 102 101
101 102 103
104 98 97
105 104 97
103 102 106
103 106 107
108 104 105
107 106 109
110 107 109
110 109 111
109 112 111
111 112 113
114 113 112
114 112 115
114 115 116
115 117 116
117 118 116
117 119 118
119 120 118
120 119 121
119 122 121
123 121 122
124 123 122
123 124 125
124 126 125
125 126 127
126 128 127
127 128 129
128 130 129
129 130 131
130 132 131
132 133 131
133 134 131
135 120 136
120 137 136
137 120 138
139 137 138
136 137 140
137 141 140
141 137 139
142 141 139
140 141 143
141 144 143
144 141 142
144 145 143
145 144 146
146 144 142
147 148 149
150 149 148
151 150 148
152 151 148
153 151 152
154 155 156
155 157 156
158 155 154
159 158 154
160 158 159
161 160 159
162 160 161
163 162 161
163 161 164
164 165 163
166 165 164
166 164 167
168 166 167
168 167 169
170 168 169
170 169 171
169 172 171
171 172 173
172 174 173
174 175 173
173 175 176
175 177 176
175 174 178
178 179 175
179 180 175
176 177 181
182 180 179
183 182 179
177 184 181
184 185 181
185 186 181
187 182 183
188 187 183
189 187 188
190 189 188
190 191 189
185 192 186
193 194 195
194 196 195
193 195 197
198 193 197
197 199 198
196 194 200
201 200 194
202 203 204
203 205 204
206 203 202
207 206 202
208 206 207
204 205 209
205 210 209
211 212 213
212 214 213
213 215 211
215 216 211
215 217 216
218 219 220
219 221 220
221 222 220
222 223 220
222 224 223
224 225 223
224 226 225
226 227 225
228 218 229
228 229 230
231 232 233
232 234 233
235 231 233
236 235 233
232 237 234
238 239 240
239 241 240
241 239 242
243 241 242
243 242 244
245 243 244
246 245 244
247 246 244
247 248 246
249 250 251
252 3 253
3 1 253
253 254 252
27 24 255
27 255 31
24 256 255
24 25 256
255 256 257
256 258 257
256 25 258
257 258 259
260 257 259
258 261 259
25 261 258
261 262 259
259 263 260
259 262 263
263 264 260
263 265 264
266 265 263
262 266 263
267 268 269
270 267 269
268 271 269
271 272 269
270 269 272
271 273 272
273 274 272
275 272 274
275 270 272
276 275 274
273 111 274
111 113 274
276 274 113
114 276 113
277 278 279
280 277 279
281 280 279
282 280 281
283 282 281
282 283 284
285 282 284
284 286 285
286 287 285
286 288 287
288 289 287
289 288 290
291 289 290
291 290 292
293 291 292
293 292 294
295 293 294
295 294 296
297 295 296
296 298 297
298 299 297
298 300 299
300 301 299
302 301 300
303 304 305
304 303 306
307 304 306
308 304 307
304 308 309
306 303 310
303 311 310
311 303 305
306 312 307
312 313 307
307 313 314
308 307 314
313 315 314
315 313 316
317 315 316
318 315 317
319 318 317
310 320 306
320 312 306
315 321 314
315 318 321
322 314 321
322 308 314
323 308 322
308 323 324
316 313 325
313 312 325
326 310 311
327 326 311
327 311 328
329 327 328
329 328 330
331 330 328
305 331 328
328 311 305
332 331 305
331 332 333
330 331 333
332 334 333
335 333 334
335 336 333
337 336 335
338 337 335
338 335 339
339 335 334
340 338 339
338 340 341
340 342 341
342 340 343
344 342 343
343 340 345
340 339 345
343 345 346
345 347 346
345 348 347
345 339 348
339 334 348
348 349 347
349 348 350
351 349 350
341 342 352
342 353 352
342 344 353
344 354 353
344 355 354
355 356 354
354 356 357
356 358 357
359 355 344
346 359 343
350 348 334
353 354 360
354 357 360
352 353 361
353 360 361
352 361 362
363 352 362
362 364 363
364 365 363
363 365 366
365 367 366
337 366 367
368 337 367
337 368 336
368 369 336
336 369 370
336 370 333
369 371 370
330 370 371
370 330 333
372 330 371
372 329 330
363 366 341
352 363 341
337 338 366
338 341 366
309 373 374
373 332 374
373 309 375
374 332 305
375 309 324
309 308 324
304 309 374
304 374 305
376 373 375
373 376 351
350 373 351
332 373 350
332 350 334
375 324 377
375 377 378
378 377 379
379 377 380
379 380 381
382 379 381
383 381 380
384 383 380
384 380 323
323 380 377
324 323 377
323 322 384
322 385 384
385 322 321
384 385 386
385 387 386
386 387 388
387 389 388
389 390 388
387 391 389
391 387 392
387 385 392
385 321 392
393 391 392
318 393 392
318 392 321
394 391 393
319 393 318
319 395 393
391 394 396
389 396 390
391 396 389
396 397 390
394 398 396
396 398 397
399 397 398
400 399 398
398 401 400
394 401 398
402 399 400
400 403 402
403 400 404
401 404 400
404 405 403
404 406 405
406 404 407
404 401 407
406 408 405
399 409 397
410 409 399
399 402 410
411 409 410
406 407 412
413 406 412
413 408 406
407 401 414
407 414 415
401 394 414
393 415 414
394 393 414
407 415 416
412 407 416
413 417 408
418 411 410
411 418 419
411 419 420
421 420 419
422 420 421
419 418 423
423 424 419
424 421 419
425 421 424
426 421 425
422 421 426
427 422 426
427 426 428
426 429 428
430 428 429
431 430 429
432 430 431
433 432 431
432 433 434
435 432 434
434 436 435
436 437 435
436 438 437
438 439 437
438 440 439
440 441 439
440 442 441
442 443 441
434 433 444
445 434 444
446 438 436
447 446 436
445 447 434
447 436 434
444 433 448
433 431 448
448 431 449
431 429 449
449 429 450
429 426 450
451 442 440
452 451 440
440 438 452
438 446 452
426 425 450
443 442 453
453 454 443
454 453 455
453 456 455
453 457 456
457 458 456
456 458 459
458 460 459
442 457 453
442 451 457
459 460 461
460 462 461
463 461 462
464 463 462
463 464 465
466 463 465
466 465 467
468 466 467
467 469 468
469 470 468
464 462 471
462 472 471
458 473 460
473 474 460
460 474 462
474 472 462
467 465 475
465 476 475
465 464 476
464 471 476
469 467 477
467 475 477
470 469 478
469 477 479
469 479 480
478 469 480
478 480 481
480 482 481
483 481 482
483 482 484
482 485 484
485 482 486
479 486 480
486 482 480
484 487 483
483 487 488
487 489 488
489 490 488
489 487 491
491 492 489
492 493 489
489 493 490
493 492 494
492 491 495
495 496 492
494 492 496
496 495 497
496 497 498
498 499 496
496 499 494
498 497 500
498 501 499
502 501 498
502 498 500
503 490 493
503 504 490
505 503 493
505 493 494
494 506 505
499 506 494
499 507 506
508 503 505
505 509 508
509 506 507
505 506 509
510 508 509
511 510 509
508 510 512
512 513 508
513 504 503
508 513 503
513 514 504
512 514 513
515 511 509
515 516 511
516 517 511
517 516 518
519 517 518
517 519 520
519 521 520
519 522 521
522 523 521
524 521 523
525 524 523
525 526 524
527 521 524
527 520 521
524 528 527
525 523 529
530 525 529
525 530 526
522 531 523
531 529 523
517 520 532
533 532 520
533 520 527
534 533 527
527 535 534
528 535 527
530 529 536
537 530 536
538 530 537
530 538 526
539 526 538
540 539 538
541 538 537
540 538 541
539 542 526
539 543 542
539 540 543
543 544 542
544 543 545
546 545 543
546 547 545
547 548 545
545 548 549
549 544 545
548 550 549
550 548 551
552 550 551
550 552 553
552 554 553
549 550 555
550 553 555
553 556 555
556 557 555
558 555 557
555 558 549
558 544 549
559 558 557
560 558 559
561 560 559
552 551 562
563 552 562
554 552 563
564 554 563
565 554 564
566 565 564
566 564 357
358 566 357
567 554 565
556 553 567
560 544 558
357 564 360
564 563 360
360 563 361
563 562 361
361 562 362
562 568 362
364 362 568
569 364 568
569 568 570
571 569 570
570 547 571
547 572 571
572 547 546
573 572 546
573 546 574
574 546 543
575 573 574
574 540 575
540 574 543
540 576 575
576 540 541
570 568 551
568 562 551
551 548 570
548 547 570
320 310 577
310 326 577
577 578 320
578 579 320
312 320 579
325 312 579
359 344 343
580 359 346
581 580 346
346 347 581
347 582 581
359 580 583
355 359 583
347 349 582
349 584 582
584 349 351
585 584 351
586 580 581
587 586 581
581 582 587
582 588 587
588 582 584
586 589 580
589 583 580
589 590 583
590 591 583
591 355 583
356 355 591
592 356 591
358 356 592
593 358 592
594 592 591
593 592 594
595 594 591
595 591 590
594 595 596
595 597 596
598 596 597
596 598 599
600 596 599
599 598 443
598 441 443
441 598 601
601 598 597
439 441 601
439 601 602
437 439 602
594 596 603
596 600 603
603 593 594
437 602 604
435 437 604
435 604 605
604 606 605
606 607 605
606 608 607
608 609 607
605 607 610
607 611 610
611 607 609
612 610 611
613 612 611
612 613 614
613 615 614
614 615 616
615 617 616
617 615 618
619 617 618
613 611 620
620 611 609
621 613 620
613 621 615
621 618 615
619 618 622
618 623 622
623 618 621
624 623 621
620 625 621
625 624 621
610 612 428
428 612 427
612 614 427
427 614 616
616 422 427
619 626 617
626 627 617
627 616 617
627 626 628
629 627 628
622 623 630
630 631 622
631 630 632
630 633 632
630 634 633
623 634 630
623 624 634
634 635 633
635 634 636
624 636 634
637 635 636
638 637 636
639 638 636
638 639 640
639 625 640
625 641 640
642 638 640
643 642 640
644 643 640
640 641 644
645 643 644
646 645 644
645 646 647
646 648 647
649 647 648
650 649 648
649 650 651
650 652 651
646 653 648
653 654 648
650 648 654
655 651 652
656 655 652
656 657 655
657 658 655
657 656 659
656 660 659
658 657 661
662 658 661
662 661 663
661 664 663
664 661 665
661 666 665
659 666 657
666 661 657
663 664 667
664 668 667
668 664 665
669 667 668
670 669 668
671 669 670
670 672 671
672 673 671
674 671 673
671 674 675
675 669 671
674 676 675
677 674 673
678 668 665
672 670 678
670 668 678
679 663 667
663 679 662
679 680 662
662 680 658
680 681 658
675 676 682
676 683 682
684 683 676
685 684 676
676 686 685
686 674 677
676 674 686
686 687 685
688 687 686
688 689 687
689 690 687
685 687 690
691 688 686
658 681 655
681 692 655
655 692 651
692 693 651
651 693 649
693 694 649
649 694 695
647 649 695
695 696 647
696 645 647
696 697 645
697 643 645
697 698 643
698 642 643
698 699 642
699 638 642
699 700 638
700 637 638
637 700 701
635 637 701
635 701 633
701 702 633
632 633 702
703 632 702
632 703 704
703 705 704
631 632 704
706 631 704
707 631 706
631 707 622
622 707 619
707 626 619
626 707 708
708 707 706
628 626 708
708 709 628
709 710 628
710 709 711
712 711 709
713 712 709
706 713 708
713 709 708
713 706 704
714 712 713
714 715 712
715 690 712
711 712 690
716 714 713
717 715 714
718 717 714
689 711 690
715 685 690
717 684 715
684 685 715
718 714 719
714 716 719
711 689 720
720 710 711
710 720 721
720 722 721
720 723 722
689 723 720
723 724 722
722 724 725
721 722 725
724 726 725
724 727 726
727 383 726
383 727 381
381 727 728
727 729 728
723 729 724
729 727 724
725 730 721
731 721 730
730 732 731
733 731 732
409 733 732
733 409 411
732 397 409
732 390 397
732 730 390
733 411 420
420 734 733
733 734 731
734 420 422
422 616 734
629 731 734
627 734 616
734 627 629
728 729 691
729 688 691
629 721 731
710 721 629
628 710 629
689 688 723
688 729 723
691 686 677
728 691 677
735 728 677
728 735 381
735 382 381
735 736 382
735 677 736
736 737 382
736 738 737
738 739 737
739 738 740
741 739 740
741 740 742
743 741 742
741 743 744
743 588 744
739 741 745
741 744 745
737 739 746
739 745 746
588 743 747
587 588 747
747 748 587
749 748 747
750 749 747
742 750 743
750 747 743
748 586 587
744 588 584
745 744 585
744 584 585
748 749 751
752 748 751
586 748 752
753 752 751
754 753 751
755 753 754
756 755 754
755 757 753
757 590 753
753 590 752
755 756 758
756 759 758
758 760 755
760 757 755
602 760 758
761 602 758
758 759 761
756 762 759
762 654 759
759 763 761
763 759 654
754 764 756
764 762 756
757 595 590
760 597 757
597 595 757
597 760 601
760 602 601
606 761 763
608 606 763
602 761 604
761 606 604
762 650 654
653 763 654
608 763 653
764 652 762
652 650 762
652 764 656
764 660 656
765 608 653
608 765 609
765 641 609
765 653 646
644 765 646
641 765 644
620 609 641
625 620 641
625 639 624
639 636 624
751 660 754
660 764 754
751 749 660
749 659 660
659 749 750
666 659 750
666 750 742
665 666 742
742 740 665
740 678 665
672 678 740
738 672 740
673 672 738
736 673 738
677 673 736
766 767 768
767 769 768
408 767 766
405 408 766
766 770 405
405 770 403
403 770 771
771 402 403
772 402 771
773 772 771
774 772 773
772 774 418
772 410 402
772 418 410
773 771 775
775 771 770
770 766 775
766 768 775
418 774 423
417 767 408
417 776 767
769 767 776
777 778 779
778 780 779
777 779 781
779 782 781
781 782 783
784 780 778
784 785 780
785 786 780
787 786 785
788 786 787
779 780 789
780 790 789
780 786 790
782 779 791
779 789 791
786 788 792
786 792 790
788 793 792
788 794 793
794 788 795
796 794 795
797 794 796
795 788 798
798 788 787
799 794 797
800 799 797
801 799 800
802 799 801
803 802 801
803 804 802
804 805 802
806 805 804
806 807 805
794 808 793
802 809 799
809 810 799
805 811 802
811 809 802
807 812 805
812 811 805
813 812 807
814 813 807
814 807 815
815 807 816
807 806 816
817 814 815
810 808 794
799 810 794
814 818 813
819 818 814
814 820 819
820 814 817
821 818 819
818 822 813
823 822 818
824 823 818
824 782 823
782 791 823
791 825 823
823 825 822
789 825 791
790 825 789
792 825 790
793 825 792
808 825 793
810 825 808
809 825 810
811 825 809
812 825 811
813 825 812
822 825 813
783 782 824
783 824 826
826 824 827
824 818 827
818 821 827
430 610 428
605 610 430
432 605 430
432 435 605
386 388 725
388 730 725
388 390 730
726 386 725
384 386 726
383 384 726
828 679 667
828 667 669
829 828 669
829 669 675
682 829 675
830 585 376
745 585 830
746 745 830
830 378 746
378 379 746
746 379 737
379 382 737
376 375 830
375 378 830
376 585 351
590 589 752
589 586 752
716 713 704
704 705 716
705 719 716
395 415 393
831 832 833
832 834 833
831 833 835
836 831 835
834 832 837
832 838 837
836 835 839
835 840 839
841 839 840
842 841 840
841 842 843
842 844 843
845 843 844
846 845 844
847 845 846
848 847 846
847 848 849
848 850 849
849 850 851
851 850 852
851 852 853
854 853 852
854 855 853
855 854 856
855 856 857
858 857 856
858 859 857
859 858 860
861 859 860
861 860 862
863 861 862
862 864 863
864 865 863
865 864 866
864 867 866
868 869 870
868 871 869
871 872 869
871 873 872
873 874 872
875 874 873
876 875 873
877 875 876
878 877 876
879 877 878
880 879 878
881 879 880
882 881 880
883 881 882
884 883 882
883 884 885
884 886 885
885 886 887
886 888 887
889 887 888
890 889 888
891 889 890
892 891 890
893 891 892
542 894 895
894 528 895
894 896 528
542 895 526
896 535 528
524 895 528
524 526 895
897 896 894
897 894 561
894 560 561
542 560 894
542 544 560
896 898 535
896 899 898
899 900 898
900 901 898
900 902 901
903 902 900
904 901 902
905 901 904
905 534 901
534 898 901
535 898 534
534 905 533
533 905 906
906 532 533
905 907 906
906 907 512
907 514 512
512 510 906
906 510 532
532 510 511
517 532 511
904 902 908
902 909 908
909 910 908
907 911 514
904 908 912
905 912 907
912 911 907
912 913 911
908 913 912
908 910 913
913 914 911
913 915 914
910 915 913
915 916 914
917 914 916
917 911 914
918 917 916
911 917 919
514 911 919
920 919 917
919 920 921
922 921 920
488 921 922
922 483 488
921 488 490
921 490 504
921 504 919
922 481 483
481 922 923
922 920 923
923 478 481
478 923 924
924 470 478
470 924 925
925 924 926
926 927 925
927 928 925
925 928 470
928 927 929
930 928 929
924 931 926
932 926 931
933 932 931
929 927 934
927 935 934
932 935 926
935 927 926
932 933 936
937 932 936
932 937 935
937 938 935
938 939 935
939 934 935
930 929 940
941 930 940
941 940 942
942 940 943
940 944 943
934 944 929
944 940 929
945 941 942
945 461 941
461 463 941
463 466 941
466 930 941
930 466 468
928 930 468
928 468 470
459 461 945
946 459 945
456 459 946
455 456 946
943 944 947
944 948 947
946 949 455
950 949 946
951 950 946
949 950 952
953 952 950
952 953 954
955 952 954
954 956 955
956 957 955
958 952 955
958 949 952
959 958 955
959 955 957
960 953 950
950 951 960
961 953 960
962 961 960
951 963 960
962 960 963
961 964 953
964 954 953
965 958 959
966 965 959
967 965 966
965 967 968
969 965 968
965 969 958
968 454 969
454 968 599
968 600 599
454 599 443
454 455 969
970 967 966
566 970 966
565 566 966
970 566 358
593 970 358
967 970 593
967 603 968
603 600 968
603 967 593
966 971 565
565 971 567
971 972 567
556 567 972
973 556 972
556 973 557
973 974 557
559 557 974
975 559 974
561 559 975
976 561 975
973 972 977
978 973 977
973 978 974
978 979 974
974 979 975
977 972 980
972 971 980
959 980 971
966 959 971
978 977 981
982 978 981
979 978 982
981 983 982
983 984 982
985 979 982
982 984 985
979 985 986
979 986 975
975 986 976
985 987 986
987 985 988
984 988 985
989 987 988
990 987 989
991 990 989
986 987 992
987 990 992
992 990 993
990 994 993
990 991 994
986 992 976
991 995 994
956 983 981
957 956 981
994 995 903
995 996 903
976 992 997
992 993 997
997 897 976
993 994 900
994 903 900
997 993 899
993 900 899
899 896 997
896 897 997
902 903 996
909 902 996
897 561 976
981 977 957
977 980 957
980 959 957
909 996 998
996 995 998
995 999 998
998 999 1000
999 1001 1000
1001 999 1002
1003 1001 1002
1001 1003 1004
1003 1005 1004
1005 1006 1004
1006 1005 1007
1008 1006 1007
1008 1007 1009
1009 1007 1010
1010 1007 1005
1011 1009 1010
1012 1008 1009
1012 1009 1013
1009 1014 1013
1009 1011 1014
1015 1013 1014
1016 1015 1014
1014 1017 1016
1011 1017 1014
1017 1018 1016
1015 1016 1019
1020 1015 1019
1019 1021 1020
1021 1022 1020
1022 1021 1023
1024 1022 1023
1024 1023 1025
1026 1024 1025
1025 1023 1027
1023 962 1027
1023 1021 962
1025 1028 1026
1028 1029 1026
1028 1030 1029
1030 1031 1029
1032 1031 1030
1033 1032 1030
1033 1034 1032
1034 1035 1032
1036 1035 1034
1037 1036 1034
1036 1037 1038
1037 1039 1038
1033 1030 939
1030 948 939
1030 1028 948
1038 1039 1040
1039 1041 1040
1041 1039 936
1042 1041 936
1037 937 1039
937 936 1039
1034 938 1037
938 937 1037
939 938 1033
938 1034 1033
939 948 934
948 944 934
1042 936 933
1043 1042 933
1043 933 931
1044 1043 931
1043 1044 1045
1044 1046 1045
1042 1043 1047
1043 1045 1047
1048 1040 1041
1040 1048 1049
1048 1050 1049
1047 1051 1042
1051 1048 1041
1051 1041 1042
1044 931 924
1044 924 923
923 1046 1044
1046 923 920
1046 920 917
918 1046 917
1045 1046 918
1047 1045 1052
1045 918 1052
1052 918 1053
1053 1054 1052
1054 1055 1052
1052 1055 1047
1055 1051 1047
1048 1051 1055
1054 1056 1055
1056 1057 1055
1054 1053 1058
1053 1059 1058
1058 1059 1060
1059 1061 1060
1060 1061 1062
1061 1063 1062
1057 1056 1064
1056 1065 1064
1065 1056 1066
1056 1067 1066
1066 1067 1068
1067 1069 1068
1068 1069 1070
1071 1068 1070
1072 1071 1070
1073 1072 1070
1070 1000 1073
1000 1001 1073
1073 1001 1004
1004 1074 1073
1074 1072 1073
1075 1074 1004
1006 1075 1004
1076 1075 1006
1008 1076 1006
1076 1008 1012
1077 1076 1012
1077 1012 1013
1078 1077 1013
1078 1013 1015
1079 1078 1015
1079 1015 1020
1080 1079 1020
1080 1020 1022
1081 1080 1022
1081 1022 1082
1022 1024 1082
1083 1082 1024
1026 1083 1024
1084 1083 1026
1029 1084 1026
1085 1084 1029
1031 1085 1029
1086 1085 1031
1032 1086 1031
1087 1086 1032
1035 1087 1032
1087 1035 1088
1035 1036 1088
1036 1038 1088
1038 1089 1088
1089 1038 1040
1049 1089 1040
522 519 1090
519 518 1090
522 1090 1091
531 522 1091
1091 1092 531
1092 1093 531
529 531 1093
536 529 1093
515 509 1094
1094 509 507
499 1095 507
501 1095 499
567 553 554
1096 1097 1098
1098 1097 1099
500 1096 1098
497 1096 500
1096 497 1100
497 495 1100
495 1101 1100
1101 495 491
1102 1101 491
1103 1101 1102
1104 1103 1102
1102 484 1104
1102 491 487
1102 487 484
1103 1105 1101
1105 1100 1101
1100 1105 1096
1096 1105 1097
484 485 1104
1106 500 1098
502 500 1106
1106 1098 1107
1099 1107 1098
451 1108 457
458 457 1108
473 458 1108
1109 1110 1111
1110 1112 1111
1112 1113 1111
1113 1114 1111
1113 1115 1114
1116 1110 1109
1117 1116 1109
1118 1117 1109
1119 1117 1118
1109 1111 1120
1121 1109 1120
1118 1109 1121
1120 1111 1122
1111 1114 1122
1122 1114 1123
1114 1124 1123
1115 1124 1114
1115 1125 1124
1125 1126 1124
1127 1118 1121
1128 1118 1127
1119 1118 1128
1129 1119 1128
1130 1129 1128
1130 1128 1131
1132 1130 1131
1133 1132 1131
1133 1131 1134
1135 1133 1134
1136 1135 1134
1136 1134 1137
1138 1136 1137
1139 1138 1137
1140 1139 1137
1141 1139 1140
1141 1140 1142
1131 1128 1143
1144 1131 1143
1137 1134 1145
1134 1146 1145
1134 1131 1146
1131 1144 1146
1140 1137 1147
1137 1145 1147
1142 1140 1148
1140 1147 1148
1142 1148 1149
1150 1142 1149
1151 1142 1150
1151 1152 1142
1142 1152 1141
1153 1151 1150
1154 1150 1149
1150 1154 1155
1155 1156 1150
1156 1153 1150
1157 1155 1154
1158 1154 1149
1154 1158 1123
1124 1154 1123
1145 1146 1159
1148 1147 1159
1149 1148 1159
1123 1158 1159
1158 1149 1159
1122 1123 1159
1120 1122 1159
1121 1120 1159
1127 1121 1159
1143 1127 1159
1143 1128 1127
1144 1143 1159
1146 1144 1159
1124 1126 1154
1126 1157 1154
1147 1145 1159
1160 1161 1162
1161 1163 1162
1164 1161 1160
1165 1164 1160
1164 1165 1166
1167 1164 1166
1167 1166 1168
969 949 958
949 969 455
943 963 942
963 951 942
945 942 951
946 945 951
1027 963 943
1027 962 963
947 1027 943
1025 1027 947
1028 1025 947
1028 947 948
1021 961 962
1021 1019 961
1019 964 961
964 1019 1016
1018 964 1016
964 1018 954
1018 956 954
983 956 1018
1017 983 1018
984 983 1017
1011 984 1017
984 1011 988
1011 1010 988
989 988 1010
1169 989 1010
1169 1010 1005
1169 1005 1003
1002 1169 1003
989 1169 1002
991 989 1002
991 1002 999
995 991 999
909 1063 910
1063 1061 910
910 1061 915
1061 1059 915
915 1059 916
1059 1053 916
918 916 1053
1063 909 998
1062 1063 998
1000 1062 998
1057 1048 1055
1050 1048 1057
1064 1050 1057
514 919 504
904 912 905
1170 1171 1172
1171 1173 1172
1174 1171 1170
1175 1174 1170
1173 837 1172
837 838 1172
1174 1175 1176
1177 1174 1176
1176 1178 1177
1178 1179 1177
1179 1178 1180
1181 1179 1180
1180 1182 1181
1182 1183 1181
1182 1184 1183
1184 1185 1183
1185 1184 1186
1187 1185 1186
1186 1188 1187
1188 1189 1187
1188 1190 1189
1191 1189 1190
1191 1190 1192
1192 1193 1191
1192 1194 1193
1195 1193 1194
1195 1194 1196
1196 1197 1195
1198 1197 1196
1198 1199 1197
1200 1199 1198
1199 1200 1201
1201 1200 1202
1202 1203 1201
1201 1203 1204
1205 1206 1207
1208 1209 1210
1209 1211 1210
1209 1208 1212
1213 1209 1212
1208 1214 1212
1214 1215 1212
1212 1215 1216
1215 1217 1216
1218 1214 1208
1219 1218 1208
1218 1219 1220
1221 1218 1220
1221 1220 1222
1223 1221 1222
1222 1224 1223
1213 1212 1225
1212 1216 1225
1210 1211 1226
1211 1227 1226
1226 1227 1228
1225 1216 1229
1216 1230 1229
1230 1216 1217
1231 1229 1230
1232 1231 1230
1232 1230 1233
1234 1232 1233
1234 1235 1232
1233 1230 1217
1232 1236 1231
1232 1235 1236
1237 1235 1234
1238 1235 1237
1238 1237 1239
1240 1239 1237
1239 1241 1238
1241 1242 1238
1239 1243 1241
1241 1243 1244
1239 1245 1243
1243 1245 1246
1247 1245 1239
1247 1239 1240
1245 1247 1248
1245 1248 1249
1248 1250 1249
1250 1248 1251
1248 1252 1251
1240 1252 1247
1252 1248 1247
1250 1253 1249
1254 1253 1250
1255 1254 1250
1256 1255 1250
1250 1251 1256
1244 1243 1257
1243 1258 1257
1243 1246 1258
1246 1259 1258
1257 1258 1260
1258 1261 1260
1258 1259 1261
1260 1261 1262
1261 1263 1262
1259 1263 1261
1256 1264 1255
1254 1255 1264
1265 1264 1256
1266 1264 1265
1267 1264 1266
1264 1268 1254
1268 1264 1269
1264 1267 1269
1266 1265 1270
1265 1271 1270
1270 1271 1272
1271 1273 1272
1272 1273 1274
1273 1275 1274
1274 1275 1276
1277 1268 1269
1278 1268 1277
1278 1277 1279
1280 1278 1279
1280 1279 1281
1282 1283 1284
1284 1285 1282
1286 1285 1284
1282 1287 1283
1283 1287 1288
1287 1289 1288
1289 1290 1288
1290 1291 1288
1292 1291 1290
1293 1292 1290
1292 1293 1294
1293 1295 1294
1294 1295 1296
1286 1297 1285
1298 1297 1286
1299 1298 1286
1300 1298 1299
1301 1298 1300
1302 1301 1300
1302 1303 1301
1303 1302 1304
1302 1305 1304
1304 1305 1306
1305 1307 1306
1308 1309 1310
1309 1311 1310
1309 1312 1311
1312 1313 1311
1312 1314 1313
1310 1315 1308
1315 1316 1308
1314 1317 1313
1314 1318 1317
1319 1316 1315
1318 1320 1317
1321 1320 1318
1321 1322 1320
1320 1322 1323
1322 1324 1323
1325 1323 1324
1325 1326 1323
1325 1327 1326
1326 1327 1328
1327 1329 1328
1328 1329 1330
1330 1329 1331
1331 1332 1330
1330 1332 1333
1333 1332 1334
1335 1333 1334
1335 1334 1336
1337 1335 1336
1337 1336 1338
1339 1337 1338
1339 1338 1340
1341 1339 1340
1341 1340 1342
1343 1341 1342
1343 1342 1344
1342 1345 1344
1346 1331 1347
1346 1347 1348
1349 1346 1348
1346 1349 1350
1346 1350 1351
1331 1346 1351
1331 1352 1347
1349 1353 1350
1349 1348 1354
1355 1349 1354
1349 1355 1353
1355 1354 1356
1356 1357 1355
1355 1357 1353
1358 1359 1360
1361 1360 1359
1361 1362 1360
1362 1363 1360
1364 1363 1362
1365 1366 1367
1366 1368 1367
1367 1369 1365
1369 1370 1365
1369 1371 1370
1371 1372 1370
1373 1372 1371
1374 1372 1373
1374 1375 1372
1375 1374 1376
1377 1375 1376
1377 1378 1375
1379 1378 1377
1380 1378 1379
1381 1380 1379
1381 1382 1380
1382 1383 1380
1382 1384 1383
1383 1384 1385
1385 1384 1386
1386 1384 1387
1388 1386 1387
1386 1389 1385
1389 1386 1390
1386 1391 1390
1387 1392 1388
1390 1391 1393
1394 1390 1393
1388 1392 1395
1395 1392 1396
1392 1397 1396
1393 1398 1394
1398 1399 1394
1399 1398 1400
1401 1399 1400
1401 1400 1402
1396 1397 1403
1404 1405 1406
1405 1407 1406
1405 1404 1408
1404 1409 1408
1408 1409 1410
1407 1411 1406
1412 1406 1411
1413 1414 1415
1414 1416 1415
1414 1417 1416
1417 1418 1416
1419 1418 1417
1413 1415 1420
1421 1413 1420
1422 1423 1424
1423 1425 1424
1424 1425 1426
1425 1427 1426
1426 1427 1428
1429 1430 1431
1430 1432 1431
1429 1431 1433
1431 1434 1433
1433 1434 1435
1434 1436 1435
1435 1436 1437
1436 1438 1437
1439 1440 1432
1439 1441 1440
1442 1443 1444
1443 1445 1444
1442 1446 1443
1446 1447 1443
1444 1445 1448
1449 1450 1451
1450 1452 1451
1453 1451 1452
1454 1453 1452
1455 1453 1454
1456 1455 1454
1456 1457 1455
1457 1458 1455
1458 1457 1459
1460 1461 1462
1238 1463 1235
1238 1242 1463
1235 1463 1464
1235 1464 1236
1464 1463 1465
1466 1464 1465
1236 1464 1466
1466 1465 1467
1465 1468 1467
1466 1467 1469
1469 1236 1466
1467 1470 1469
1467 1468 1471
1470 1467 1471
1468 1472 1471
1471 1472 1473
1474 1471 1473
1474 1470 1471
1475 1476 1477
1478 1476 1475
1477 1476 1479
1476 1480 1479
1480 1476 1478
1481 1479 1480
1482 1481 1480
1480 1483 1482
1483 1480 1478
1483 1484 1482
1481 1482 1322
1482 1324 1322
1324 1482 1484
1325 1324 1484
1485 1486 1487
